Source File	Size	loadResources	load	generateSnapshots	load-configure	scan	loadDepInfo	loadInfo	checkR4R4B	generateNarratives	validate	loadLists	checkConformanceResources	checkConformanceResources2	checkConformanceResources3	generateLogicalMaps	validateExpressions	scanForUsageStats	checkURLsUnique	processProvenanceDetails	generate1	generate2	generateLogicals	makeDependencies	generateExampleZip	generateValidationPack	scanProfilesForR5	scanExamplesForR5
/fsh-generated/resources/ImplementationGuide-dk.kip.rkkp.fhir.ig.core.json	249971	-	0	0	0	0	0	0	18	283	0	0	0	0	0	0	0	4	0	0	773	1706	0	0	0	40	0	7
fsh-generated/resources/CodeSystem-ACTherapyNotGiven.json	1909	5	0	0	0	0	0	0	0	26	0	0	0	0	0	0	0	0	0	0	26	2756	0	0	0	1	0	0
fsh-generated/resources/CodeSystem-AKBehandling.json	1403	3	0	0	1	0	0	0	0	23	0	0	0	0	0	0	0	0	0	0	21	85	0	0	0	0	0	0
fsh-generated/resources/CodeSystem-ASAClassification.json	1509	3	0	0	0	0	0	0	0	21	0	0	0	0	0	0	0	0	0	0	20	62	0	0	0	0	0	0
fsh-generated/resources/CodeSystem-ATC.json	14596	6	0	0	0	0	0	0	1	39	0	0	0	0	0	0	0	0	0	0	97	137	0	0	0	2	0	0
fsh-generated/resources/CodeSystem-ATCMixedCodes.json	1431	5	0	0	0	0	0	0	0	19	0	0	0	0	0	0	0	0	0	0	53	64	0	0	0	0	0	0
fsh-generated/resources/CodeSystem-ActilyseNotGiven.json	1104	5	0	0	0	0	0	0	0	15	0	0	0	0	0	0	0	0	0	0	21	63	0	0	0	0	0	0
fsh-generated/resources/CodeSystem-ActivityType.json	2266	2	0	0	0	0	0	0	0	14	0	0	0	0	0	0	0	0	0	0	27	56	0	0	0	0	0	0
fsh-generated/resources/CodeSystem-AktuelSygdomsforlob.json	815	2	0	0	1	0	0	0	0	10	0	0	0	0	0	0	0	0	0	0	19	54	0	0	0	1	0	0
fsh-generated/resources/CodeSystem-Alchohol.json	1349	2	0	0	0	0	0	0	0	5	0	0	0	0	0	0	0	0	0	0	25	59	0	0	0	0	0	0
fsh-generated/resources/CodeSystem-AlchoholDrugs.json	1257	1	0	0	0	0	0	0	0	6	0	0	0	0	0	0	0	0	0	0	20	61	0	0	0	0	0	0
fsh-generated/resources/CodeSystem-AlloplastyTypes.json	3018	2	0	0	0	0	0	0	0	8	0	0	0	0	0	0	0	0	0	0	30	64	0	0	0	0	0	0
fsh-generated/resources/CodeSystem-AnasthesiaService.json	3091	2	0	0	0	0	0	0	1	7	0	0	0	0	0	0	0	0	0	0	29	61	0	0	0	0	0	0
fsh-generated/resources/CodeSystem-AnasthesiaTypeGen.json	854	1	0	0	0	0	0	0	0	6	0	0	0	0	0	0	0	0	0	0	17	58	0	0	0	1	0	0
fsh-generated/resources/CodeSystem-AnastomosisLeak.json	830	2	0	0	0	0	1	0	0	6	0	0	0	0	0	0	0	0	0	0	17	69	0	0	0	0	0	0
fsh-generated/resources/CodeSystem-AnastomosisLeakConsequence.json	1971	2	0	0	0	0	0	0	0	5	0	0	0	0	0	0	0	0	0	0	23	60	0	0	0	0	0	0
fsh-generated/resources/CodeSystem-AnastomosisLeakGrading.json	1055	1	0	0	0	0	0	0	0	6	0	0	1	0	0	0	0	0	0	0	17	52	0	0	0	0	0	0
fsh-generated/resources/CodeSystem-AnastomosisType.json	1714	2	0	0	0	0	0	0	0	6	0	0	0	0	0	0	0	1	0	0	16	59	0	0	0	0	0	0
fsh-generated/resources/CodeSystem-AnatomicalLocations.json	5251	2	0	0	0	0	0	0	0	9	0	0	0	0	0	0	0	0	0	0	43	46	0	0	0	1	0	0
fsh-generated/resources/CodeSystem-AneurysmClosure.json	732	1	0	0	0	0	0	0	0	7	0	0	0	0	0	0	0	0	0	0	17	36	0	0	0	0	0	0
fsh-generated/resources/CodeSystem-AneurysmSizeScale.json	940	2	0	0	0	0	0	0	0	6	0	0	0	0	0	0	0	0	0	0	17	36	0	0	0	0	0	0
fsh-generated/resources/CodeSystem-AnnArborStagingClassification.json	1641	2	0	0	1	0	0	0	0	11	0	0	0	0	0	0	0	0	0	0	19	37	0	0	1	0	0	0
fsh-generated/resources/CodeSystem-ArtrosePlacering.json	1167	2	0	0	0	0	0	0	0	6	0	0	0	0	0	0	0	0	0	0	13	38	0	0	0	0	0	0
fsh-generated/resources/CodeSystem-AssessmentType.json	2041	2	0	0	0	0	0	0	1	7	0	0	0	0	0	0	0	0	0	0	15	35	0	0	0	1	0	1
fsh-generated/resources/CodeSystem-AssistDevices.json	702	1	0	0	0	0	0	0	0	6	0	0	0	0	0	0	0	0	0	0	14	38	0	0	0	0	0	0
fsh-generated/resources/CodeSystem-BANFF.json	1229	2	0	0	0	0	0	0	0	7	0	0	0	0	0	0	0	0	0	0	12	35	0	0	0	0	0	0
fsh-generated/resources/CodeSystem-BasicDisorder.json	5213	2	0	0	0	0	0	0	0	9	0	0	0	0	0	0	0	0	0	0	29	39	0	0	0	0	0	0
fsh-generated/resources/CodeSystem-BehandlingAfbrudt.json	1842	1	0	0	0	0	0	0	0	6	0	0	0	0	0	0	0	0	0	0	15	36	0	0	0	1	0	0
fsh-generated/resources/CodeSystem-BinetStagingSystem.json	1333	3	0	0	0	0	0	0	0	7	0	0	0	0	0	0	0	0	0	0	13	35	0	0	0	0	0	0
fsh-generated/resources/CodeSystem-BiobankSamples.json	2064	1	0	0	0	0	0	0	0	6	0	0	0	0	0	0	0	0	0	0	16	34	0	0	0	0	0	0
fsh-generated/resources/CodeSystem-Birthplace.json	1778	2	0	0	0	0	0	0	0	8	0	0	0	0	0	0	0	0	0	0	14	35	0	0	0	0	0	0
fsh-generated/resources/CodeSystem-BleedingStroke.json	1066	2	0	0	1	0	0	0	0	6	0	0	0	0	0	0	0	0	0	0	12	36	0	0	0	0	0	0
fsh-generated/resources/CodeSystem-BlockTypes.json	5899	2	0	0	0	0	0	0	1	9	0	0	0	0	0	0	0	0	0	0	31	40	0	0	0	1	0	0
fsh-generated/resources/CodeSystem-BloodThinnersTreatment.json	871	2	0	0	0	0	0	0	0	6	0	0	0	0	0	0	0	0	0	0	10	34	0	0	0	0	0	0
fsh-generated/resources/CodeSystem-BoneLossAcetabulumFemurClassification.json	3022	2	0	0	0	0	0	0	0	6	0	0	0	0	0	0	0	0	0	0	20	33	0	0	0	0	0	0
fsh-generated/resources/CodeSystem-BulkingMaterialeDUGA.json	881	1	0	0	0	0	0	0	0	4	0	0	0	0	0	0	0	0	0	0	16	32	0	0	0	0	0	0
fsh-generated/resources/CodeSystem-CALRGeneType.json	712	2	0	0	0	0	0	0	0	3	0	0	0	0	0	0	0	0	0	0	13	32	0	0	0	0	0	0
fsh-generated/resources/CodeSystem-CalciumType.json	773	2	0	0	0	0	0	0	0	3	0	0	0	0	0	0	0	0	0	0	11	35	0	0	0	1	0	0
fsh-generated/resources/CodeSystem-CancerInvestigation.json	1523	1	0	0	0	0	0	0	0	4	0	0	0	0	0	0	0	0	0	0	14	34	0	0	0	0	0	0
fsh-generated/resources/CodeSystem-CauseOfDeath.json	2582	2	0	0	0	0	0	0	0	4	0	0	0	0	0	0	0	0	0	0	17	40	0	0	0	0	0	0
fsh-generated/resources/CodeSystem-CementType.json	3007	2	0	0	0	0	0	0	0	4	0	0	0	0	0	0	0	0	0	0	19	39	0	0	0	0	0	0
fsh-generated/resources/CodeSystem-CentralBlock.json	1085	2	0	0	0	0	0	0	0	4	0	0	0	0	0	0	0	0	0	0	12	38	0	0	0	1	0	0
fsh-generated/resources/CodeSystem-ChemotherapyRegimen.json	6288	2	0	0	1	0	0	0	1	10	0	0	0	0	0	0	0	0	0	0	38	45	0	0	0	0	0	0
fsh-generated/resources/CodeSystem-ChromosomPair.json	839	1	0	0	0	0	0	0	0	8	0	0	0	0	0	0	0	0	0	0	11	36	0	0	0	0	0	0
fsh-generated/resources/CodeSystem-ClinicalProtocolCodes.json	1183	2	0	0	0	0	0	0	0	4	0	0	0	0	0	0	0	0	0	0	11	56	0	0	0	0	0	0
fsh-generated/resources/CodeSystem-ClinicalProtocolNotParticipated.json	1094	2	0	0	0	0	0	0	0	3	0	0	0	0	0	0	0	0	0	0	12	77	0	0	0	1	0	0
fsh-generated/resources/CodeSystem-CognitiveFunctionFinding.json	1527	1	0	0	0	0	0	0	0	4	0	0	0	0	0	0	0	0	0	0	17	50	0	0	0	0	0	0
fsh-generated/resources/CodeSystem-CognitiveTest.json	1180	2	0	0	0	0	0	0	0	3	0	0	0	0	0	0	0	0	0	0	12	51	0	0	0	0	0	0
fsh-generated/resources/CodeSystem-Competence.json	2025	2	0	0	0	0	0	0	0	3	0	0	0	0	0	0	0	0	0	0	15	53	0	0	0	0	0	0
fsh-generated/resources/CodeSystem-Complications.json	11425	2	0	0	0	0	0	0	1	7	0	0	0	0	0	0	0	0	0	0	58	67	0	0	0	1	0	0
fsh-generated/resources/CodeSystem-ConferenceParticipants.json	803	2	0	0	0	0	0	0	0	4	0	0	0	0	0	0	0	0	0	0	10	33	0	0	0	0	0	0
fsh-generated/resources/CodeSystem-ContactPatient.json	1098	1	0	0	0	0	0	0	0	4	0	0	0	0	0	0	0	0	0	0	12	32	0	0	0	1	0	0
fsh-generated/resources/CodeSystem-ContactPlace.json	1290	2	0	0	0	0	0	0	0	4	0	0	0	0	0	0	0	0	0	0	13	34	0	0	0	0	0	0
fsh-generated/resources/CodeSystem-ContaminationDegree.json	1054	2	0	0	0	0	0	0	0	3	0	0	0	0	0	0	0	0	0	0	13	31	0	0	0	0	0	0
fsh-generated/resources/CodeSystem-CoronaryArteryGraph.json	1112	2	0	0	1	0	0	0	0	3	0	0	0	0	0	0	0	0	0	0	13	32	0	0	0	0	0	0
fsh-generated/resources/CodeSystem-Cyclus.json	1585	1	0	0	0	0	0	0	0	4	0	0	0	0	0	0	0	0	0	0	14	33	0	0	0	0	0	0
fsh-generated/resources/CodeSystem-CytogeneticChanges.json	984	2	0	0	0	0	0	0	0	3	0	0	0	0	0	0	0	0	0	0	11	31	0	0	0	0	0	0
fsh-generated/resources/CodeSystem-CytogeneticExamination.json	1064	2	0	0	0	0	0	0	0	3	0	0	0	0	0	0	0	0	0	0	12	33	0	0	0	0	0	0
fsh-generated/resources/CodeSystem-DHDeksklusionskriterie.json	2227	1	0	0	0	0	0	0	0	8	0	0	0	0	0	0	0	0	0	0	16	32	0	0	0	1	0	0
fsh-generated/resources/CodeSystem-DSAFindingsLocation.json	1548	2	0	0	0	0	0	0	1	3	0	0	0	0	0	0	0	0	0	0	14	32	0	0	0	0	0	0
fsh-generated/resources/CodeSystem-DatabasesKIP.json	787	2	0	1	0	0	0	0	0	3	0	0	0	0	0	0	0	0	0	0	10	33	0	0	0	0	0	0
fsh-generated/resources/CodeSystem-DeathPlace.json	1137	1	0	0	0	0	0	0	0	3	0	0	0	0	0	0	0	0	0	0	12	30	0	0	0	0	0	0
fsh-generated/resources/CodeSystem-DefibrilleringAnalyse.json	1115	2	0	0	0	0	0	0	0	4	0	0	0	0	0	0	0	0	0	0	12	32	0	0	0	0	0	0
fsh-generated/resources/CodeSystem-DetectionMethods.json	1209	2	0	0	0	0	0	0	0	3	0	0	0	0	0	0	0	0	0	0	12	34	0	0	0	0	0	0
fsh-generated/resources/CodeSystem-Dialyseadgang.json	915	1	0	0	0	0	0	0	0	3	0	0	0	0	0	0	0	0	0	0	12	38	0	0	0	1	0	0
fsh-generated/resources/CodeSystem-DiseaseLocalization.json	1297	2	0	0	1	0	0	0	0	3	0	0	0	0	0	0	0	0	0	0	13	34	0	0	0	0	0	0
fsh-generated/resources/CodeSystem-DiseasePhase.json	956	2	0	0	0	0	0	0	0	3	0	0	0	0	0	0	0	0	0	0	11	32	0	0	0	0	0	0
fsh-generated/resources/CodeSystem-DiseasesUnspecified.json	21130	2	0	0	0	0	0	0	1	14	0	0	0	0	0	0	0	1	0	0	90	104	0	0	0	2	0	0
fsh-generated/resources/CodeSystem-Dosis.json	676	2	0	0	0	0	0	0	0	4	0	0	0	0	0	0	0	0	0	0	10	43	0	0	0	0	0	0
fsh-generated/resources/CodeSystem-EDTACodes.json	4139	2	0	0	0	0	0	0	0	7	0	0	0	0	0	0	0	0	0	0	23	34	0	0	0	1	0	1
fsh-generated/resources/CodeSystem-EHSIncisionalHerniaClassification.json	2351	2	0	0	0	0	0	0	1	7	0	0	0	0	0	0	0	0	0	0	17	31	0	0	0	0	0	0
fsh-generated/resources/CodeSystem-EHSIncisionalHerniaClassificationType.json	1069	1	0	0	0	0	0	0	0	6	0	0	0	0	0	0	0	0	0	0	12	31	0	0	0	0	0	0
fsh-generated/resources/CodeSystem-EORTCQLQC1514.json	1024	2	0	0	0	0	0	0	0	8	0	0	0	0	0	0	0	0	0	0	12	33	0	0	0	0	0	0
fsh-generated/resources/CodeSystem-EORTCQLQC1517.json	1412	2	0	0	0	0	0	0	0	9	0	0	0	0	0	0	0	0	0	0	13	32	0	0	0	1	0	0
fsh-generated/resources/CodeSystem-EconomicSupport.json	1026	1	0	0	0	0	0	0	0	6	0	0	0	0	0	0	0	0	0	0	12	31	0	0	0	0	0	0
fsh-generated/resources/CodeSystem-EdemaStroke.json	818	2	0	0	0	0	0	0	0	6	0	0	0	0	0	0	0	0	0	0	11	31	0	0	0	0	0	0
fsh-generated/resources/CodeSystem-EducationType.json	734	1	0	0	0	0	0	0	0	5	0	0	0	0	0	0	0	0	0	0	10	30	0	0	0	0	0	0
fsh-generated/resources/CodeSystem-EndoscopicAppearance.json	893	2	0	0	1	0	0	0	0	6	0	0	0	0	0	0	0	0	0	0	11	33	0	0	0	0	0	0
fsh-generated/resources/CodeSystem-EsophagealLokalization.json	911	2	0	0	0	0	0	0	0	5	0	0	0	0	0	0	0	0	0	0	10	30	0	0	0	0	0	0
fsh-generated/resources/CodeSystem-FISHVariables.json	2329	2	0	0	0	0	0	0	0	7	0	0	0	0	0	0	0	0	0	0	16	31	0	0	0	0	0	0
fsh-generated/resources/CodeSystem-Faggruppe.json	709	1	0	0	0	0	0	0	0	5	0	0	0	0	0	0	0	0	0	0	10	31	0	0	0	1	0	0
fsh-generated/resources/CodeSystem-FisherGradingScale.json	1213	2	0	0	0	0	0	0	0	6	0	0	0	0	0	0	0	0	0	0	11	30	0	0	0	0	0	0
fsh-generated/resources/CodeSystem-FixationCruciateLigaments.json	10374	2	0	0	0	0	0	0	1	10	0	0	1	0	0	0	0	0	0	0	48	40	0	0	0	1	0	0
fsh-generated/resources/CodeSystem-FollowUp.json	1015	2	0	0	0	0	0	0	0	6	0	0	0	0	0	0	0	0	0	0	12	30	0	0	0	0	0	0
fsh-generated/resources/CodeSystem-Frekvens.json	1782	1	0	0	0	0	0	0	0	6	0	0	0	0	0	0	0	0	0	0	14	30	0	0	0	0	0	0
fsh-generated/resources/CodeSystem-FunctionGroupAlloplasty.json	1421	2	0	0	0	0	0	0	0	6	0	0	0	0	0	0	0	0	0	0	13	33	0	0	0	0	0	0
fsh-generated/resources/CodeSystem-FunctionTest.json	810	2	0	0	1	0	0	0	0	5	0	0	0	0	0	0	0	0	0	0	10	50	0	0	0	0	0	0
fsh-generated/resources/CodeSystem-FunctionalScoreTypes.json	834	1	0	0	0	0	0	0	0	6	0	0	0	0	0	0	0	0	0	0	11	43	0	0	0	0	0	0
fsh-generated/resources/CodeSystem-GenericValues.json	8570	3	0	0	0	0	0	0	1	8	0	0	0	0	0	0	0	0	0	0	40	36	0	0	0	1	0	0
fsh-generated/resources/CodeSystem-GenoplivStoppet.json	942	1	0	0	0	0	0	0	0	6	0	0	0	0	0	0	0	0	0	0	11	30	0	0	0	0	0	0
fsh-generated/resources/CodeSystem-Genoplivning.json	969	2	0	0	0	0	0	0	0	6	0	0	0	0	0	0	0	0	0	0	11	30	0	0	0	1	0	0
fsh-generated/resources/CodeSystem-GraftCruciateLigaments.json	2401	1	0	0	0	0	0	0	0	5	0	0	0	0	0	0	0	0	0	0	17	32	0	0	0	0	0	0
fsh-generated/resources/CodeSystem-GynUndersoegDUGA.json	826	2	0	0	0	0	0	0	0	6	0	0	0	0	0	0	0	0	0	0	11	31	0	0	0	0	0	0
fsh-generated/resources/CodeSystem-HaemoglobinTransf4.json	1007	2	0	0	0	0	0	0	0	5	0	0	0	0	0	0	0	0	0	0	11	29	0	0	0	0	0	0
fsh-generated/resources/CodeSystem-HaendelseIndtraeffer.json	1374	1	0	0	0	0	0	0	0	6	0	0	0	0	0	0	0	0	0	0	13	30	0	0	0	0	0	0
fsh-generated/resources/CodeSystem-HarrisHipScoreDistanceWalked.json	1295	2	0	0	0	0	0	0	0	6	0	0	0	0	0	0	0	0	0	0	13	31	0	0	0	0	0	0
fsh-generated/resources/CodeSystem-HarrisHipScoreLimp.json	1017	2	0	0	1	0	0	0	0	5	0	0	0	0	0	0	0	0	0	0	11	32	0	0	0	1	0	0
fsh-generated/resources/CodeSystem-HarrisHipScorePain.json	1989	1	0	0	0	0	0	0	0	3	0	0	0	0	0	0	0	0	0	0	14	30	0	0	0	0	0	0
fsh-generated/resources/CodeSystem-HarrisHipScorePublicTransportation.json	1035	2	0	0	0	0	0	0	0	3	0	0	0	0	0	0	0	0	0	0	12	29	0	0	0	0	0	0
fsh-generated/resources/CodeSystem-HarrisHipScoreShoesSocks.json	1034	2	0	0	0	0	0	0	0	3	0	0	0	0	0	0	0	0	0	0	11	30	0	0	0	0	0	0
fsh-generated/resources/CodeSystem-HarrisHipScoreSitting.json	1118	1	0	0	0	0	0	0	0	4	0	0	0	0	0	0	0	0	0	0	13	30	0	0	0	0	0	0
fsh-generated/resources/CodeSystem-HarrisHipScoreStairs.json	1153	2	0	0	0	0	0	0	1	6	0	0	0	0	0	0	0	0	0	0	12	29	0	0	0	0	0	0
fsh-generated/resources/CodeSystem-HarrisHipScoreSupport.json	1436	2	0	0	0	0	0	0	0	6	0	0	0	0	0	0	0	0	0	0	13	30	0	0	0	0	0	0
fsh-generated/resources/CodeSystem-HeartRhythm.json	694	1	0	0	0	0	0	0	0	6	0	0	0	0	0	0	0	0	0	0	10	30	0	0	0	1	0	0
fsh-generated/resources/CodeSystem-HerniaSize.json	931	2	0	0	0	0	0	0	0	6	0	0	0	0	0	0	0	0	0	0	11	38	0	0	0	0	0	0
fsh-generated/resources/CodeSystem-HipJointArthroplastyComponent.json	13753	2	0	0	0	0	0	0	0	48	0	0	0	0	0	0	0	0	0	0	64	42	0	0	0	1	0	0
fsh-generated/resources/CodeSystem-HjerterytmeAnalyse.json	881	2	0	0	1	0	0	0	0	3	0	0	0	0	0	0	0	0	0	0	12	32	0	0	0	0	0	0
fsh-generated/resources/CodeSystem-HjertestopAarsag.json	749	2	0	0	0	0	0	0	0	3	0	0	0	0	0	0	0	0	0	0	10	40	0	0	0	0	0	0
fsh-generated/resources/CodeSystem-HousingType.json	1270	1	0	0	0	0	0	0	1	4	0	0	0	0	0	0	0	0	0	0	13	32	0	0	0	1	0	0
fsh-generated/resources/CodeSystem-HuntHessClassification.json	1431	2	0	0	0	0	0	0	0	3	0	0	0	0	0	0	0	0	0	0	13	30	0	0	0	0	0	0
fsh-generated/resources/CodeSystem-ICHAction.json	807	2	0	0	0	0	0	0	0	3	0	0	0	0	0	0	0	0	0	0	11	29	0	0	0	0	0	0
fsh-generated/resources/CodeSystem-ICRSGradingSystem.json	2613	1	0	0	0	0	0	0	0	3	0	0	0	0	0	0	0	0	0	0	18	29	0	0	0	0	0	0
fsh-generated/resources/CodeSystem-IPSSRCytogeneticCategory.json	1640	2	0	0	0	0	0	0	0	3	0	0	0	0	0	0	0	0	0	0	14	44	0	0	0	0	0	0
fsh-generated/resources/CodeSystem-IkkeBesvaret.json	878	2	0	0	0	0	0	0	0	3	0	0	0	0	0	0	0	0	0	0	11	31	0	0	0	0	0	0
fsh-generated/resources/CodeSystem-ImplantComponents.json	10585	2	0	0	0	0	0	0	1	7	0	0	0	0	0	0	0	0	0	0	48	44	0	0	0	1	0	0
fsh-generated/resources/CodeSystem-ImplantattypeDUGA.json	1319	2	0	0	1	0	0	0	0	3	0	0	0	0	0	0	0	0	0	0	13	29	0	0	0	1	0	0
fsh-generated/resources/CodeSystem-IncisionChoice.json	3532	2	0	0	0	0	0	0	0	4	0	0	0	0	0	0	0	0	0	0	23	34	0	0	0	0	0	0
fsh-generated/resources/CodeSystem-Intervals.json	2538	1	0	0	0	0	0	0	0	3	0	0	0	0	0	0	0	0	0	0	16	32	0	0	0	0	0	0
fsh-generated/resources/CodeSystem-IntervalsExact.json	4848	2	0	0	0	0	0	0	0	4	0	0	0	0	0	0	0	1	0	0	26	32	0	0	0	1	0	0
fsh-generated/resources/CodeSystem-Interventionsforloeb.json	881	2	0	0	0	0	0	0	0	5	0	0	0	0	0	0	0	0	0	0	11	29	0	0	0	0	0	0
fsh-generated/resources/CodeSystem-Interventionsgruppe.json	1786	2	0	0	0	0	0	0	0	3	0	0	0	0	0	0	0	0	0	0	15	35	0	0	0	0	0	0
fsh-generated/resources/CodeSystem-Intubation.json	1534	2	0	0	0	0	0	0	1	4	0	0	0	0	0	0	0	0	0	0	13	41	0	0	0	0	0	0
fsh-generated/resources/CodeSystem-IntubationRelaks.json	766	1	0	0	0	0	0	0	0	3	0	0	0	0	0	0	0	0	0	0	11	28	0	0	0	0	0	0
fsh-generated/resources/CodeSystem-KellgrenLawrenceKlassifikation.json	1218	2	0	0	0	0	0	0	0	3	0	0	0	0	0	0	0	0	0	0	13	31	0	0	0	0	0	0
fsh-generated/resources/CodeSystem-KliniskeSymptomerDCCG.json	1320	2	0	0	1	0	0	0	0	3	0	0	0	0	0	0	0	0	0	0	12	32	0	0	0	1	0	0
fsh-generated/resources/CodeSystem-KneeJointArthroplastyComponent.json	29883	3	0	0	0	0	0	0	1	14	0	0	0	0	0	0	0	0	0	0	127	49	0	0	0	3	0	0
fsh-generated/resources/CodeSystem-KneeLoosenessGrading.json	1480	2	0	0	0	0	0	0	1	4	0	0	0	0	0	0	0	0	0	0	13	35	0	0	0	0	0	0
fsh-generated/resources/CodeSystem-KomponentLiner.json	1633	2	0	0	0	0	0	0	0	5	0	0	0	0	0	0	0	0	0	0	14	34	0	0	0	0	0	0
fsh-generated/resources/CodeSystem-KorsbaandEjBevaret.json	877	1	0	0	0	0	0	0	0	4	0	0	0	0	0	0	0	0	0	0	16	52	0	0	0	0	0	0
fsh-generated/resources/CodeSystem-LaryngoskopiDegree.json	1267	2	0	0	0	0	0	0	0	3	0	0	0	0	0	0	0	0	0	0	12	50	0	0	0	1	0	1
fsh-generated/resources/CodeSystem-LesionType.json	873	2	0	0	0	0	0	0	0	3	0	0	0	0	0	0	0	0	0	0	11	32	0	0	0	0	0	0
fsh-generated/resources/CodeSystem-LifeStatus.json	731	1	0	0	1	0	0	0	0	3	0	0	0	0	0	0	0	0	0	0	10	28	0	0	0	0	0	0
fsh-generated/resources/CodeSystem-MComponentType.json	2602	5	0	0	0	0	0	0	0	3	0	0	0	0	0	0	0	0	0	0	16	30	0	0	0	0	0	0
fsh-generated/resources/CodeSystem-MDTNotFollowed.json	1121	2	0	0	0	0	0	0	0	3	0	0	0	0	0	0	0	0	0	0	12	28	0	0	0	0	0	0
fsh-generated/resources/CodeSystem-MTICIClassification.json	2214	2	0	0	0	0	0	0	0	3	0	0	0	0	0	0	0	0	0	0	15	29	0	0	0	1	0	0
fsh-generated/resources/CodeSystem-MaaleEnheder.json	3375	2	0	0	0	0	0	0	0	4	0	0	0	0	0	0	0	0	0	0	20	32	0	0	0	0	0	0
fsh-generated/resources/CodeSystem-Maengde.json	872	1	0	0	0	0	0	0	1	3	0	0	0	0	0	0	0	0	0	0	11	28	0	0	0	0	0	0
fsh-generated/resources/CodeSystem-MaritalStatus.json	1647	2	0	0	0	0	0	0	0	3	0	0	0	0	0	0	0	0	0	0	14	29	0	0	0	0	0	0
fsh-generated/resources/CodeSystem-MeasurementDevices.json	776	2	0	0	1	0	0	0	0	3	0	0	0	0	0	0	0	0	0	0	10	28	0	0	0	0	0	0
fsh-generated/resources/CodeSystem-MedicalFixationClosing.json	6823	2	0	0	0	0	0	0	0	4	0	0	0	0	0	0	0	0	0	0	32	32	0	0	0	1	0	0
fsh-generated/resources/CodeSystem-MedicalScanningTypes.json	1649	2	0	0	0	0	0	0	0	3	0	0	1	0	0	0	0	0	0	0	14	29	0	0	0	0	0	0
fsh-generated/resources/CodeSystem-MedicalTreatmentAdministrationType.json	1244	1	0	0	0	0	0	0	0	3	0	0	0	0	0	0	0	0	0	0	12	28	0	0	0	0	0	0
fsh-generated/resources/CodeSystem-MedicalTreatmentDuration.json	984	2	0	0	0	0	0	0	0	4	0	0	0	0	0	0	0	0	0	0	12	29	0	0	0	0	0	0
fsh-generated/resources/CodeSystem-MedicalTreatmentStartOf.json	1145	2	0	0	0	0	0	0	0	3	0	0	0	0	0	0	0	0	0	0	11	28	0	0	0	1	0	0
fsh-generated/resources/CodeSystem-MedicationName.json	3586	1	0	0	0	0	0	0	1	4	0	0	0	0	0	0	0	0	0	0	21	30	0	0	0	0	0	0
fsh-generated/resources/CodeSystem-MedicinDANARREST.json	873	2	0	0	0	0	0	0	0	3	0	0	0	0	0	0	0	0	0	0	11	30	0	0	0	0	0	0
fsh-generated/resources/CodeSystem-Medicine.json	1619	2	0	0	1	0	0	0	0	3	0	0	0	0	0	0	0	0	0	0	17	30	0	0	0	0	0	0
fsh-generated/resources/CodeSystem-MentalDeclaration.json	1296	3	0	0	0	0	0	0	0	3	0	0	0	0	0	0	0	0	0	0	12	28	0	0	0	0	0	0
fsh-generated/resources/CodeSystem-MeshPlacement.json	1202	2	0	0	0	0	0	0	0	2	0	0	0	0	0	0	0	0	0	0	11	29	0	0	0	1	0	0
fsh-generated/resources/CodeSystem-MeshTechnique.json	1350	2	0	0	0	0	0	0	0	4	0	0	0	0	0	0	0	0	0	0	12	28	0	0	0	0	0	0
fsh-generated/resources/CodeSystem-MeshType.json	8229	2	0	0	0	0	0	0	0	4	0	0	0	0	0	0	0	0	0	0	38	38	0	0	0	0	0	0
fsh-generated/resources/CodeSystem-MolecularRemission.json	825	2	0	0	0	0	0	0	0	3	0	0	0	0	0	0	0	0	0	0	11	36	0	0	0	1	0	0
fsh-generated/resources/CodeSystem-MorsDiagnosegrupper.json	996	2	0	0	0	0	0	0	0	3	0	0	0	0	0	0	0	0	0	0	28	33	0	0	0	0	0	0
fsh-generated/resources/CodeSystem-MorsDiagnosekoder.json	5105	1	0	0	1	0	0	0	1	4	0	0	0	0	0	0	0	0	0	0	29	32	0	0	0	0	0	0
fsh-generated/resources/CodeSystem-MuligVanskeligUmulig.json	888	2	0	0	0	0	0	0	0	2	0	0	0	0	0	0	0	0	0	0	10	28	0	0	0	0	0	0
fsh-generated/resources/CodeSystem-NIHSS10Dysarthria.json	1329	2	0	0	0	0	0	0	0	3	0	0	0	0	0	0	0	0	0	0	17	28	0	0	0	1	0	0
fsh-generated/resources/CodeSystem-NIHSS11ExtinctionInattention.json	1324	2	0	0	0	0	0	0	0	3	0	0	0	0	0	0	0	0	0	0	12	29	0	0	0	0	0	0
fsh-generated/resources/CodeSystem-NIHSS1aLOC.json	1355	2	0	0	2	0	0	0	0	3	0	0	0	0	0	0	0	0	0	0	12	29	0	0	0	0	0	0
fsh-generated/resources/CodeSystem-NIHSS1bLOC.json	1053	1	0	0	0	0	0	0	0	3	0	0	0	0	0	0	0	0	0	0	11	28	0	0	0	0	0	0
fsh-generated/resources/CodeSystem-NIHSS1cLOC.json	1042	3	0	0	0	0	0	0	0	3	0	0	0	0	0	0	0	0	0	0	11	30	0	0	0	0	0	0
fsh-generated/resources/CodeSystem-NIHSS2Gaze.json	1110	1	0	0	0	0	0	0	0	3	0	0	0	0	0	0	0	0	0	0	11	31	0	0	0	0	0	0
fsh-generated/resources/CodeSystem-NIHSS3Visual.json	1093	2	0	0	0	0	0	0	0	3	0	0	0	0	0	0	0	0	0	0	11	31	0	0	0	0	0	0
fsh-generated/resources/CodeSystem-NIHSS4FacialPalsy.json	1264	2	0	0	1	0	0	0	0	3	0	0	0	0	0	0	0	0	0	0	12	31	0	0	0	1	0	0
fsh-generated/resources/CodeSystem-NIHSS5MotorArm.json	1728	1	0	0	0	0	0	0	0	2	0	0	0	0	0	0	0	0	0	0	13	28	0	0	0	0	0	0
fsh-generated/resources/CodeSystem-NIHSS6MotorLeg.json	1654	2	0	0	0	0	0	0	0	3	0	0	0	0	0	0	0	0	0	0	13	28	0	0	0	0	0	0
fsh-generated/resources/CodeSystem-NIHSS7LimbAtaxia.json	1089	2	0	0	0	0	0	1	0	3	0	0	0	0	0	0	0	0	0	0	11	28	0	0	0	0	0	0
fsh-generated/resources/CodeSystem-NIHSS8Sensory.json	1220	1	0	0	0	0	0	0	1	3	0	0	0	0	0	0	0	0	0	0	13	28	0	0	0	0	0	0
fsh-generated/resources/CodeSystem-NIHSS9Language.json	1796	2	0	0	1	0	0	0	0	3	0	0	0	0	0	0	0	0	0	0	13	38	0	0	0	0	0	0
fsh-generated/resources/CodeSystem-NYHA.json	1563	2	0	0	0	0	0	0	0	3	0	0	0	0	0	0	0	0	0	0	13	39	0	0	0	0	0	0
fsh-generated/resources/CodeSystem-Observationssted.json	2050	1	0	0	0	0	0	0	0	3	0	0	0	0	0	0	0	0	0	0	15	32	0	0	0	1	0	0
fsh-generated/resources/CodeSystem-OncologyTreatmentCurative.json	1176	2	0	0	0	0	0	0	0	4	0	0	0	0	0	0	0	0	0	0	12	28	0	0	0	0	0	0
fsh-generated/resources/CodeSystem-Onkologibehandling.json	885	2	0	0	0	0	0	0	0	3	0	0	0	0	0	0	0	0	0	0	10	29	0	0	1	0	0	0
fsh-generated/resources/CodeSystem-OperatingRoom.json	893	1	0	0	0	0	0	0	0	3	0	0	0	0	0	0	0	0	0	0	11	29	0	0	0	0	0	0
fsh-generated/resources/CodeSystem-OperationCanal.json	976	2	0	0	1	0	0	0	0	3	0	0	0	0	0	0	0	1	0	0	11	27	0	0	0	0	0	0
fsh-generated/resources/CodeSystem-OperationType.json	1237	1	0	0	0	0	0	0	0	4	0	0	0	0	0	0	0	0	0	0	12	29	0	0	0	0	0	0
fsh-generated/resources/CodeSystem-Operationserfaring.json	1187	2	0	0	0	0	0	0	0	3	0	0	0	0	0	0	0	0	0	0	12	28	0	0	0	0	0	0
fsh-generated/resources/CodeSystem-PRDcodes.json	51397	4	0	0	0	0	0	0	2	11	0	0	0	0	0	0	0	0	0	0	189	80	0	0	0	7	0	0
fsh-generated/resources/CodeSystem-PTNMType.json	661	1	0	0	0	0	0	0	0	4	0	0	0	0	0	0	0	0	0	0	10	30	0	0	0	0	0	0
fsh-generated/resources/CodeSystem-Paragraph.json	9741	2	0	0	0	0	0	0	0	4	0	0	0	0	0	0	0	0	0	0	42	35	0	0	0	1	0	0
fsh-generated/resources/CodeSystem-PatobankSNOMED.json	14172	2	0	0	0	0	0	0	1	5	0	0	0	0	0	0	0	0	0	0	58	40	0	0	0	1	0	1
fsh-generated/resources/CodeSystem-PerformanceStatusScore.json	1726	2	0	0	1	0	0	0	0	3	0	0	0	0	0	0	0	0	0	0	15	36	0	0	0	1	0	0
fsh-generated/resources/CodeSystem-Periods.json	933	2	0	0	0	0	0	0	0	3	0	0	0	0	0	0	0	0	0	0	12	32	0	0	0	0	0	0
fsh-generated/resources/CodeSystem-PersonFamilyRelation.json	1041	1	0	0	0	0	0	0	0	3	0	0	0	0	0	0	0	0	0	0	12	30	0	0	0	0	0	0
fsh-generated/resources/CodeSystem-PivotShiftGrading.json	1003	2	0	0	0	0	0	0	0	3	0	0	0	0	0	0	0	0	0	0	11	30	0	0	0	0	0	0
fsh-generated/resources/CodeSystem-PreoperativTemplating.json	1006	2	0	0	0	0	0	0	0	3	0	0	0	0	0	0	0	0	0	0	13	34	0	0	0	0	0	0
fsh-generated/resources/CodeSystem-Priority.json	1478	1	0	0	0	0	0	0	0	3	0	0	0	0	0	0	0	0	0	0	13	32	0	0	0	0	0	0
fsh-generated/resources/CodeSystem-ProcedureDuration.json	1251	2	0	0	1	0	0	0	0	3	0	0	0	0	0	0	0	0	0	0	11	30	0	0	0	1	0	0
fsh-generated/resources/CodeSystem-ProcedureNotCompleted.json	1983	2	0	0	0	0	0	0	1	3	0	0	0	0	0	0	0	0	0	0	15	32	0	0	0	0	0	0
fsh-generated/resources/CodeSystem-ProcedureReasons.json	1107	1	0	0	0	0	0	0	0	3	0	0	0	0	0	0	0	0	0	0	11	30	0	0	0	0	0	0
fsh-generated/resources/CodeSystem-ProcedureType.json	13566	3	0	0	0	0	0	0	0	5	0	0	1	0	0	0	0	0	0	0	58	45	0	0	0	1	0	0
fsh-generated/resources/CodeSystem-ProcedureUrogyn.json	13433	2	0	0	0	0	0	0	1	8	0	0	0	0	0	0	0	0	0	0	57	57	0	0	0	1	0	0
fsh-generated/resources/CodeSystem-Profylaksebehandling.json	1048	1	0	0	0	0	0	0	0	5	0	0	0	0	0	0	0	0	0	0	12	35	0	0	0	1	0	0
fsh-generated/resources/CodeSystem-Prosthesis.json	5437	2	0	0	1	0	0	0	0	8	0	0	0	0	0	0	0	0	0	0	28	47	0	0	0	0	0	0
fsh-generated/resources/CodeSystem-PupilCondition.json	718	2	0	0	0	0	0	0	0	6	0	0	0	0	0	0	0	0	0	0	10	40	0	0	0	0	0	0
fsh-generated/resources/CodeSystem-RadiationTherapyTarget.json	1033	2	0	0	0	0	0	0	0	5	0	0	0	0	0	0	0	0	0	0	12	49	0	0	0	0	0	0
fsh-generated/resources/CodeSystem-RadiationTherapyType.json	1288	1	0	0	0	0	0	0	0	4	0	0	0	0	0	0	0	0	0	0	13	31	0	0	0	1	0	0
fsh-generated/resources/CodeSystem-RadiologicalBoneChanges.json	1296	2	0	0	0	0	0	0	0	3	0	0	0	0	0	0	0	0	0	0	12	44	0	0	0	0	0	0
fsh-generated/resources/CodeSystem-RaymondRoyClassification.json	1607	2	0	0	0	0	0	0	0	4	0	0	0	0	0	0	0	0	0	0	14	29	0	0	0	0	0	0
fsh-generated/resources/CodeSystem-ReferredForTraining.json	1022	1	0	0	1	0	0	0	0	3	0	0	0	0	0	0	0	0	0	0	12	28	0	0	0	0	0	0
fsh-generated/resources/CodeSystem-ReferredFrom.json	1257	2	0	0	0	0	0	0	0	3	0	0	0	0	0	0	0	0	0	0	13	44	0	0	0	0	0	0
fsh-generated/resources/CodeSystem-Regioner.json	1014	2	0	0	0	0	0	0	0	3	0	0	0	0	0	0	0	0	0	0	11	29	0	0	0	0	0	0
fsh-generated/resources/CodeSystem-Registry.json	1958	1	0	0	0	0	0	0	0	3	0	0	0	0	0	0	0	0	0	0	15	28	0	0	0	1	0	0
fsh-generated/resources/CodeSystem-ReoperationCause.json	1271	2	0	0	0	0	0	0	0	3	0	0	0	0	0	0	0	0	0	0	12	28	0	0	0	0	0	0
fsh-generated/resources/CodeSystem-ResectionCompletion.json	1489	2	0	0	0	0	0	0	1	3	0	0	0	0	0	0	0	1	0	0	14	27	0	0	0	0	0	0
fsh-generated/resources/CodeSystem-ResectionType.json	2313	1	0	0	0	0	0	0	0	3	0	0	0	0	0	0	0	0	0	0	17	29	0	0	0	0	0	0
fsh-generated/resources/CodeSystem-ResidualTumorClassification.json	1227	2	0	0	1	0	0	0	0	3	0	0	0	0	0	0	0	0	0	0	13	34	0	0	0	0	0	0
fsh-generated/resources/CodeSystem-ResidualTumorGrading.json	1061	2	0	0	0	0	0	0	0	3	0	0	0	0	0	0	0	0	0	0	12	28	0	0	0	0	0	0
fsh-generated/resources/CodeSystem-Respiration.json	2570	1	0	0	0	0	0	0	0	3	0	0	0	0	0	0	0	0	0	0	26	28	0	0	0	1	0	0
fsh-generated/resources/CodeSystem-ResultTest.json	764	2	0	0	0	0	0	0	0	3	0	0	0	0	0	0	0	0	0	0	12	39	0	0	0	0	0	0
fsh-generated/resources/CodeSystem-RevisionCause.json	1524	2	0	0	0	0	0	0	0	3	0	0	0	0	0	0	0	0	0	0	13	28	0	0	0	0	0	0
fsh-generated/resources/CodeSystem-RevisionIndication.json	4794	2	0	0	0	0	0	0	0	3	0	0	0	0	0	0	0	0	0	0	25	31	0	0	0	0	0	0
fsh-generated/resources/CodeSystem-RevisionType.json	882	1	0	0	1	0	0	0	0	3	0	0	0	0	0	0	0	0	0	0	11	28	0	0	0	1	0	0
fsh-generated/resources/CodeSystem-RiskAssessment.json	973	2	0	0	0	0	0	0	0	3	0	0	0	0	0	0	0	0	0	0	11	28	0	0	0	0	0	0
fsh-generated/resources/CodeSystem-RiskFactors.json	1377	2	0	0	0	0	0	0	0	3	0	0	0	0	0	0	0	0	0	0	13	28	0	0	0	0	0	0
fsh-generated/resources/CodeSystem-RobotAssistDKR.json	884	1	0	0	0	0	0	0	0	3	0	0	0	0	0	0	0	0	0	0	10	28	0	0	0	0	0	0
fsh-generated/resources/CodeSystem-Rytme1Obs.json	1124	2	0	0	0	0	0	0	1	3	0	0	0	0	0	0	0	0	0	0	12	28	0	0	0	0	0	0
fsh-generated/resources/CodeSystem-SKS.json	43708	3	0	0	0	0	0	0	1	11	0	0	0	0	0	0	0	0	0	0	161	53	0	0	0	5	0	0
fsh-generated/resources/CodeSystem-SKSCodeCollection.json	4510	2	0	0	1	0	0	0	0	4	0	0	0	0	0	0	0	0	0	0	23	31	0	0	0	1	0	0
fsh-generated/resources/CodeSystem-SNOMEDCT.json	3075	2	0	0	0	0	0	0	0	3	0	0	0	0	0	0	0	0	0	0	19	29	0	0	0	0	0	0
fsh-generated/resources/CodeSystem-SOR.json	33127	3	0	0	0	0	0	0	1	9	0	0	0	0	0	0	0	0	0	0	130	49	0	0	0	5	0	1
fsh-generated/resources/CodeSystem-SSSArmLift.json	1190	2	0	0	0	0	0	0	1	3	0	0	0	0	0	0	0	0	0	0	12	27	0	0	0	0	0	0
fsh-generated/resources/CodeSystem-SSSConsciousness.json	1166	1	0	0	0	0	0	0	0	3	0	0	0	0	0	0	0	0	0	0	12	28	0	0	0	0	0	0
fsh-generated/resources/CodeSystem-SSSEyeMotorSkills.json	1126	2	0	0	1	0	0	0	0	3	0	0	0	0	0	0	0	0	0	0	11	34	0	0	0	0	0	0
fsh-generated/resources/CodeSystem-SSSFacialParesis.json	851	2	0	0	0	0	0	0	0	2	0	0	0	0	0	0	0	0	0	0	10	33	0	0	0	1	0	0
fsh-generated/resources/CodeSystem-SSSHandshake.json	1099	1	0	0	0	0	0	0	0	3	0	0	0	0	0	0	0	0	0	0	11	29	0	0	0	0	0	0
fsh-generated/resources/CodeSystem-SSSLegLift.json	1188	2	0	0	0	0	0	0	0	3	0	0	0	0	0	0	0	0	0	0	12	35	0	0	0	0	0	0
fsh-generated/resources/CodeSystem-SSSOrientation.json	1052	2	0	0	0	0	0	0	0	3	0	0	0	0	0	0	0	0	0	0	11	27	0	0	0	0	0	0
fsh-generated/resources/CodeSystem-SSSSpeech.json	1118	1	0	0	0	0	0	0	0	3	0	0	0	0	0	0	0	0	0	0	11	27	0	0	0	0	0	0
fsh-generated/resources/CodeSystem-SSSWalk.json	1246	2	0	0	1	0	0	0	0	3	0	0	0	0	0	0	0	0	0	0	12	28	0	0	0	0	0	0
fsh-generated/resources/CodeSystem-ScoreCentralBlock.json	1085	2	0	0	0	0	0	0	0	3	0	0	0	0	0	0	0	0	0	0	13	28	0	0	0	1	0	0
fsh-generated/resources/CodeSystem-SizesGeneral.json	898	1	0	0	0	0	0	0	0	3	0	0	0	0	0	0	0	0	0	0	12	31	0	0	0	0	0	0
fsh-generated/resources/CodeSystem-SlyngeDUGA.json	955	2	0	0	0	0	0	0	0	3	0	0	0	0	0	0	0	0	0	0	11	32	0	0	0	0	0	0
fsh-generated/resources/CodeSystem-SmerteKvalme.json	850	1	0	0	0	0	0	0	0	3	0	0	0	0	0	0	0	0	0	0	10	27	0	0	0	0	0	0
fsh-generated/resources/CodeSystem-Smoking.json	1018	2	0	0	0	0	0	0	0	3	0	0	0	0	0	0	0	0	0	0	12	30	0	0	0	0	0	0
fsh-generated/resources/CodeSystem-StemCellType.json	859	2	0	0	1	0	0	0	0	3	0	0	0	0	0	0	0	0	0	0	10	28	0	0	0	0	0	0
fsh-generated/resources/CodeSystem-StopTeam.json	1207	1	0	0	0	0	1	0	0	2	0	0	0	0	0	0	0	0	0	0	12	30	0	0	0	0	0	0
fsh-generated/resources/CodeSystem-StraalebehandlingTA.json	1075	2	0	0	0	0	0	0	0	3	0	0	0	0	0	0	0	0	0	0	11	29	0	0	0	1	0	0
fsh-generated/resources/CodeSystem-SurgicalAttire.json	991	2	0	0	0	0	0	0	0	3	0	0	0	0	0	0	0	0	0	0	12	27	0	0	0	0	0	0
fsh-generated/resources/CodeSystem-Sygdomsomraader.json	3695	2	0	0	0	0	0	0	1	4	0	0	0	0	0	0	0	0	0	0	21	30	0	0	0	0	0	0
fsh-generated/resources/CodeSystem-Symptoms.json	1104	1	1	0	0	0	0	0	0	2	0	0	0	0	0	0	0	0	0	0	12	27	0	0	0	0	0	0
fsh-generated/resources/CodeSystem-SystemiskPraeparat.json	2795	2	0	0	1	0	0	0	0	3	0	0	0	0	0	0	0	0	0	0	18	29	0	0	0	0	0	0
fsh-generated/resources/CodeSystem-TreatmentCause.json	828	2	0	0	0	0	0	0	0	3	0	0	0	0	0	0	0	0	0	0	10	27	0	0	0	1	0	0
fsh-generated/resources/CodeSystem-TreatmentIndication.json	1130	1	0	0	0	0	0	0	0	3	0	0	0	0	0	0	0	0	0	0	12	28	0	0	0	0	0	0
fsh-generated/resources/CodeSystem-TreatmentInitiatives.json	1370	2	0	0	0	0	0	0	0	3	0	0	0	0	0	0	0	0	0	0	13	28	0	0	0	0	0	0
fsh-generated/resources/CodeSystem-TreatmentIntention.json	1577	2	0	0	0	0	0	0	0	3	0	0	0	0	0	0	0	1	0	0	14	28	0	0	0	0	0	0
fsh-generated/resources/CodeSystem-TreatmentLesion.json	1537	1	0	0	1	0	0	0	0	3	0	0	0	0	0	0	0	0	0	0	13	27	0	0	0	0	0	0
fsh-generated/resources/CodeSystem-TreatmentMethodMRD.json	927	2	0	0	0	0	0	0	0	3	0	0	0	0	0	0	0	0	0	0	11	28	0	0	0	0	0	0
fsh-generated/resources/CodeSystem-TreatmentNotGiven.json	1476	2	0	0	0	0	0	0	0	3	0	0	0	0	0	0	0	0	0	0	13	28	0	0	0	1	0	0
fsh-generated/resources/CodeSystem-TreatmentPsychopharmacological.json	1487	1	0	0	0	0	0	0	0	3	0	0	0	0	0	0	0	0	0	0	15	28	0	0	0	0	0	0
fsh-generated/resources/CodeSystem-TreatmentRegimen.json	5152	2	0	0	0	0	0	0	1	4	0	0	0	0	0	0	0	0	0	0	26	30	0	0	0	0	0	0
fsh-generated/resources/CodeSystem-TreatmentResponseEvaluation.json	4130	2	0	0	1	0	0	0	0	3	0	0	0	0	0	0	0	0	0	0	24	29	0	0	0	1	0	0
fsh-generated/resources/CodeSystem-TreatmentSchedule.json	1128	2	0	0	0	0	0	0	0	3	0	0	0	0	0	0	0	0	0	0	13	28	0	0	0	0	0	0
fsh-generated/resources/CodeSystem-TreatmentSufficient.json	789	1	0	0	0	0	0	0	0	3	0	0	0	0	0	0	0	0	0	0	11	27	0	0	0	0	0	0
fsh-generated/resources/CodeSystem-TreatmentType.json	3052	2	0	0	0	0	0	0	0	4	0	0	0	0	0	0	0	0	0	0	19	29	0	0	0	0	0	0
fsh-generated/resources/CodeSystem-TreatmentUnspecified.json	1355	2	0	0	0	0	0	0	0	6	0	0	0	0	0	0	0	0	0	0	13	29	0	0	0	0	0	0
fsh-generated/resources/CodeSystem-TrombektomiPerfusion.json	1211	1	0	0	0	0	0	0	0	5	0	0	0	0	0	0	0	0	0	0	13	36	0	0	0	1	0	0
fsh-generated/resources/CodeSystem-TumorClassificationHistology.json	2632	2	0	0	1	0	0	0	1	4	0	0	1	0	0	0	0	0	0	0	20	40	0	0	0	0	0	0
fsh-generated/resources/CodeSystem-UdskrevetTil.json	1176	2	0	0	0	0	0	0	0	3	0	0	0	0	0	0	0	0	0	0	12	30	0	0	0	0	0	0
fsh-generated/resources/CodeSystem-UndersoegelsesTypeDUGA.json	821	2	0	0	0	0	0	0	0	3	0	0	0	0	0	0	0	0	0	0	11	27	0	0	0	0	0	0
fsh-generated/resources/CodeSystem-VancouverClassification.json	2427	1	0	0	0	0	0	0	0	3	0	0	0	0	0	0	0	0	0	0	15	29	0	0	0	0	0	0
fsh-generated/resources/CodeSystem-Verdict.json	5511	2	0	0	0	0	0	0	0	3	0	0	0	0	0	0	0	0	0	0	28	29	0	0	0	1	0	0
fsh-generated/resources/CodeSystem-VisitationCriteriaNotMet.json	1328	2	0	0	1	0	0	0	0	3	0	0	0	0	0	0	0	0	0	0	14	28	0	0	0	0	0	0
fsh-generated/resources/CodeSystem-WFNSGradingSystem.json	1229	2	0	0	0	0	0	0	0	3	0	0	0	0	0	0	0	0	0	0	12	27	0	0	0	0	0	0
fsh-generated/resources/CodeSystem-WOOS.json	1936	1	0	0	0	0	0	0	0	3	0	0	0	0	0	1	0	0	0	0	15	28	0	0	0	0	0	0
fsh-generated/resources/CodeSystem-WalchClassification.json	2712	2	0	0	0	0	0	0	0	3	0	0	0	0	0	0	0	0	0	0	18	27	0	0	0	1	0	0
fsh-generated/resources/SearchParameter-CarePlanReadOrWriteAccess.json	517	2	0	0	0	0	0	0	1	4	0	0	0	0	0	0	0	0	0	0	11	7	0	0	0	0	0	0
fsh-generated/resources/SearchParameter-CarePlanSorAuthor.json	424	1	0	0	0	0	0	0	0	3	0	0	0	0	0	0	0	0	0	0	10	7	0	0	0	0	0	0
fsh-generated/resources/SearchParameter-CprPatient.json	394	2	0	0	0	0	0	0	0	3	0	0	0	0	0	0	0	0	0	0	11	7	0	0	0	0	0	0
fsh-generated/resources/SearchParameter-PlanDefinitionUuid.json	418	2	0	0	1	0	0	0	0	3	0	0	0	0	0	0	0	0	0	0	10	6	0	0	0	0	0	0
fsh-generated/resources/SearchParameter-QuestionnaireResponseOnCarePlan.json	501	1	0	0	0	0	0	0	0	3	0	0	0	0	0	0	0	0	0	0	10	7	0	0	0	1	0	0
fsh-generated/resources/SearchParameter-QuestionnaireResponseResponsibleOnCarePlan.json	582	2	0	0	0	0	0	0	0	4	0	0	0	0	0	0	0	0	0	0	11	7	0	0	0	0	0	0
fsh-generated/resources/SearchParameter-QuestionnaireUuid.json	412	2	0	0	0	0	0	0	0	3	0	0	0	0	0	0	0	0	0	0	11	6	0	0	0	0	0	0
fsh-generated/resources/SearchParameter-SorQuestionnaire.json	419	1	0	0	0	0	0	0	0	4	0	0	0	0	0	0	0	0	0	0	10	7	0	0	0	0	0	0
fsh-generated/resources/SearchParameter-SorQuestionnaireResponse.json	461	2	0	0	0	0	0	0	0	3	0	0	0	0	0	0	0	0	0	0	10	6	0	0	0	0	0	0
fsh-generated/resources/StructureDefinition-PDUuid.json	1548	2	0	11	1	0	0	0	0	26	0	0	0	0	0	0	0	0	0	0	47	188	0	0	0	1	0	0
fsh-generated/resources/StructureDefinition-QUuid.json	1540	2	0	15	0	0	0	0	0	9	0	0	0	0	0	0	0	0	0	0	44	127	0	0	0	1	0	0
fsh-generated/resources/StructureDefinition-SorAuthor.json	1598	2	0	24	0	0	0	0	0	7	0	0	0	0	0	0	0	0	0	0	40	97	0	0	0	2	0	0
fsh-generated/resources/StructureDefinition-access-sor-code.json	1849	2	0	24	0	0	0	0	0	9	0	0	0	0	0	0	0	0	0	0	39	110	0	0	0	1	1	0
fsh-generated/resources/StructureDefinition-cpr.json	1495	2	0	24	0	0	0	0	0	8	0	0	0	0	0	0	0	0	0	0	39	91	0	0	0	0	0	0
fsh-generated/resources/StructureDefinition-questionnaire-response-reference.json	1653	1	0	72	0	0	0	0	0	6	0	0	0	0	0	0	0	1	0	0	38	91	0	0	0	2	0	0
fsh-generated/resources/StructureDefinition-questionnaire-response-responsible-sor.json	1771	2	0	19	1	0	0	0	0	6	0	0	0	0	0	0	0	0	0	0	41	87	0	0	0	1	0	1
fsh-generated/resources/StructureDefinition-sor.json	1531	2	0	14	0	0	0	0	0	5	0	0	0	0	0	0	0	0	0	0	38	84	0	0	0	1	0	0
fsh-generated/resources/StructureDefinition-sorCode.json	1583	2	0	19	0	0	0	0	0	5	0	0	0	0	0	0	0	0	0	0	38	67	0	0	0	15	0	0
fsh-generated/resources/ValueSet-AKBehandlingDKR.json	1396	1	0	0	0	0	0	0	0	43	0	0	0	0	0	0	0	0	0	0	14	85	0	0	0	1	0	0
fsh-generated/resources/ValueSet-AKFravalgt.json	1854	2	0	0	0	0	0	0	0	5	0	0	0	0	0	0	0	0	0	0	16	59	0	0	0	0	0	0
fsh-generated/resources/ValueSet-ALDkemoterapi.json	769	1	0	0	0	0	0	0	0	3	0	0	0	0	0	0	0	0	0	0	10	37	0	0	0	0	0	0
fsh-generated/resources/ValueSet-APInstabilitetDKR.json	751	2	0	0	0	0	0	0	0	4	0	0	0	0	0	0	0	0	0	0	11	35	0	0	0	0	0	0
fsh-generated/resources/ValueSet-ASAIVI.json	1079	2	0	0	0	0	0	0	0	5	0	0	0	0	0	0	0	0	0	0	13	39	0	0	0	1	0	0
fsh-generated/resources/ValueSet-ASAIVIkort.json	1024	1	0	0	0	0	0	0	0	3	0	0	0	0	0	0	0	0	0	0	11	39	0	0	0	0	0	0
fsh-generated/resources/ValueSet-ATCAntibiotikaprofylakseDKR.json	1028	2	0	0	0	0	0	0	0	4	0	0	0	0	0	0	0	0	0	0	12	36	0	0	0	0	0	0
fsh-generated/resources/ValueSet-ATCAntibiotikaprofylakseDosisDKR.json	1014	1	0	0	0	0	0	0	1	4	0	0	0	0	0	0	0	0	0	0	11	37	0	0	0	0	0	0
fsh-generated/resources/ValueSet-ATCAntibiotikaprofylakseVarighedDKR.json	775	2	0	0	0	0	0	0	0	4	0	0	0	0	0	0	0	0	0	0	12	32	0	0	0	0	0	0
fsh-generated/resources/ValueSet-ATCChemoCLL.json	1189	1	0	0	1	0	0	0	0	4	0	0	0	0	0	0	0	0	0	0	16	39	0	0	0	0	0	0
fsh-generated/resources/ValueSet-ATCChemoPreparation.json	2322	2	0	0	0	0	0	0	0	5	0	0	0	0	0	0	0	0	0	0	16	51	0	0	0	1	0	0
fsh-generated/resources/ValueSet-ATCDMPN.json	1891	2	0	0	0	0	0	0	0	4	0	0	0	0	0	0	0	0	0	0	15	44	0	0	0	0	0	0
fsh-generated/resources/ValueSet-ATCDMPN202410.json	1724	1	0	0	0	0	0	0	0	9	0	0	0	0	0	0	0	0	0	0	15	46	0	0	0	0	0	0
fsh-generated/resources/ValueSet-ATCImmunotherapyCLL.json	1174	2	0	0	0	0	0	0	0	7	0	0	0	0	0	0	0	0	0	0	12	34	0	0	0	0	0	0
fsh-generated/resources/ValueSet-ATCTargetCLL.json	1164	2	0	0	0	0	0	0	0	7	0	0	0	0	0	0	0	0	0	0	12	36	0	0	0	1	0	0
fsh-generated/resources/ValueSet-ATCTromboseprofylakseDKR.json	1252	1	0	0	0	0	0	0	0	6	0	0	0	0	0	0	0	0	0	0	12	35	0	0	1	0	0	0
fsh-generated/resources/ValueSet-AarsagOphoerDNSL.json	1584	2	0	0	0	0	0	0	0	6	0	0	0	0	0	0	0	0	0	0	15	45	0	0	0	0	0	0
fsh-generated/resources/ValueSet-AarsagTilProcedureDCCG.json	1245	2	0	0	0	0	0	0	0	7	0	0	0	0	0	0	0	0	0	0	12	34	0	0	0	0	0	0
fsh-generated/resources/ValueSet-AcetabulumKnogletabKlassifikationDHR.json	1118	1	0	0	0	0	0	0	0	4	0	0	0	0	0	0	0	0	0	0	13	34	0	0	0	0	0	0
fsh-generated/resources/ValueSet-ActilyseIkkeGivet.json	1003	2	0	0	1	0	0	0	0	3	0	0	0	0	0	0	0	0	0	0	12	32	0	0	0	0	0	0
fsh-generated/resources/ValueSet-AdministrationType.json	922	1	0	0	0	0	0	0	0	5	0	0	0	0	0	0	0	0	0	0	12	33	0	0	0	1	0	0
fsh-generated/resources/ValueSet-AdministrationTypeDCCG.json	775	2	0	0	0	0	0	0	0	3	0	0	0	0	0	0	0	0	0	0	10	29	0	0	0	0	0	0
fsh-generated/resources/ValueSet-AfdelingDandem.json	1095	2	0	0	0	0	0	0	0	5	0	0	0	0	0	0	0	0	0	0	13	33	0	0	0	0	0	0
fsh-generated/resources/ValueSet-AflastendeProcedure.json	1095	1	0	0	0	0	0	0	1	4	0	0	0	0	0	0	0	0	0	0	12	32	0	0	0	0	0	0
fsh-generated/resources/ValueSet-AktivitetDKRR.json	1022	2	0	0	0	0	0	0	0	8	0	0	0	0	0	0	0	0	0	0	12	38	0	0	0	0	0	0
fsh-generated/resources/ValueSet-AktivitetSportDKRR.json	1662	1	0	0	0	0	0	0	0	4	0	0	0	0	0	0	0	0	0	1	14	41	0	0	0	0	0	0
fsh-generated/resources/ValueSet-AktuelSygdomsforlob.json	729	2	0	0	0	0	0	0	0	3	0	0	0	0	0	0	0	0	0	0	11	30	0	0	0	1	0	0
fsh-generated/resources/ValueSet-Alkohol021.json	782	1	0	0	0	0	0	0	0	3	0	0	0	0	0	0	0	0	0	0	10	30	0	0	0	0	0	0
fsh-generated/resources/ValueSet-Alkohol0til10.json	680	2	0	0	0	0	0	0	0	3	0	0	0	0	0	0	0	0	0	0	10	28	0	0	0	0	0	0
fsh-generated/resources/ValueSet-Alkohol714.json	754	1	0	0	0	0	0	0	0	3	0	0	0	0	0	0	0	0	0	0	10	28	0	0	0	0	0	0
fsh-generated/resources/ValueSet-AlleMaaleEnheder.json	3330	2	0	0	0	0	0	0	0	8	0	0	0	0	0	0	0	0	0	0	20	63	0	0	0	0	0	0
fsh-generated/resources/ValueSet-AlloplastiktypeDKR.json	1759	2	0	0	0	0	0	0	0	4	0	0	0	0	0	0	0	0	0	0	15	48	0	0	0	1	0	0
fsh-generated/resources/ValueSet-AnaestesiDUGA.json	981	1	0	0	0	0	0	0	0	3	0	0	0	0	0	0	0	0	0	0	11	32	0	0	0	0	0	0
fsh-generated/resources/ValueSet-AnaestesiGenerelSpinalEpiduralLokalanalgesi.json	978	2	0	0	0	0	0	0	0	4	0	0	0	0	0	0	0	0	0	0	12	32	0	0	0	0	0	0
fsh-generated/resources/ValueSet-AnaestesiLokalGenerel.json	777	1	0	0	1	0	0	0	0	3	0	0	0	0	0	0	0	0	0	0	10	29	0	0	0	0	0	0
fsh-generated/resources/ValueSet-AnaestesiLokalGenerelSpinalEpidural.json	948	2	0	0	0	0	0	0	0	3	0	0	0	0	0	0	0	0	0	0	11	32	0	0	0	0	0	0
fsh-generated/resources/ValueSet-AnaestesiRegionalDHR.json	852	2	0	0	0	0	0	0	0	4	0	0	0	0	0	0	0	0	0	0	11	30	0	0	0	0	0	0
fsh-generated/resources/ValueSet-AnaestesiRegionalUniverselKombineret.json	1106	1	0	0	0	0	0	0	0	3	0	0	0	0	0	0	0	0	0	0	12	31	0	0	0	0	0	0
fsh-generated/resources/ValueSet-AnasthesiaService.json	1173	2	0	0	0	0	0	0	0	5	0	0	0	0	0	0	0	0	0	0	13	35	0	0	0	1	0	0
fsh-generated/resources/ValueSet-AnasthesiaTypeGen.json	802	1	0	0	0	0	0	0	0	5	0	0	0	0	0	0	0	0	0	0	19	31	0	0	0	0	0	0
fsh-generated/resources/ValueSet-AnastomoseLaekageGradingering.json	919	2	0	0	0	0	0	0	1	3	0	0	0	0	0	0	0	0	0	0	12	24	0	0	0	0	0	0
fsh-generated/resources/ValueSet-AnastomoseLaekageGraduering.json	1040	1	0	0	0	0	0	0	0	3	0	0	0	0	0	0	0	0	0	0	13	31	0	0	0	0	0	0
fsh-generated/resources/ValueSet-AnastomoseType1.json	885	2	0	0	0	0	0	0	0	5	0	0	0	0	0	0	0	0	0	0	11	33	0	0	0	0	0	0
fsh-generated/resources/ValueSet-AnastomoseType2.json	696	2	0	0	0	0	0	0	0	3	0	0	0	0	0	0	0	0	0	0	11	27	0	0	0	0	0	0
fsh-generated/resources/ValueSet-AnastomoseType3.json	1282	1	0	0	0	0	0	0	0	5	0	0	0	0	0	0	0	0	0	0	13	34	0	0	0	0	0	0
fsh-generated/resources/ValueSet-Anastomoselaekage.json	829	2	0	0	0	0	0	0	0	4	0	0	0	0	0	0	0	0	0	0	11	28	0	0	0	1	0	0
fsh-generated/resources/ValueSet-AnastomoselaekageKonsekvens.json	1450	1	0	0	0	0	0	0	0	4	0	0	0	0	0	0	0	0	0	0	15	35	0	0	0	0	0	0
fsh-generated/resources/ValueSet-AnatomiskLokation1.json	2537	2	0	0	0	0	0	0	0	7	0	0	0	0	0	0	0	0	0	0	18	69	0	1	0	0	0	0
fsh-generated/resources/ValueSet-AnatomiskLokation2.json	2610	1	0	0	0	0	0	0	0	8	0	0	0	0	0	0	0	0	0	0	18	63	0	0	0	0	0	0
fsh-generated/resources/ValueSet-AnatomiskLokation3.json	876	2	0	0	0	0	0	0	0	5	0	0	0	0	0	0	0	0	0	0	11	30	0	0	0	0	0	0
fsh-generated/resources/ValueSet-AnatomiskLokation4.json	1685	2	0	0	0	0	0	0	0	4	0	0	0	0	0	0	0	0	0	0	15	46	0	0	0	1	0	0
fsh-generated/resources/ValueSet-AndenBloedningDAP.json	731	1	0	0	1	0	0	0	0	3	0	0	0	0	0	0	0	0	0	0	10	27	0	0	0	0	0	0
fsh-generated/resources/ValueSet-AnnArborStagingClassification.json	992	2	0	0	0	0	0	0	0	3	0	0	0	0	0	0	0	0	0	0	12	31	0	0	0	0	0	0
fsh-generated/resources/ValueSet-AntibiotikaMedUden.json	700	1	0	0	0	0	0	0	0	3	0	0	0	0	0	0	0	0	0	0	10	28	0	0	0	0	0	0
fsh-generated/resources/ValueSet-AntibiotikaprofylakseDHR.json	1748	2	0	0	0	0	0	0	0	37	0	0	0	0	0	0	0	0	0	0	14	37	0	0	0	0	0	0
fsh-generated/resources/ValueSet-AntibiotikaprofylakseDKRR.json	1006	1	0	0	0	0	0	0	1	3	0	0	0	0	0	0	0	0	0	0	12	33	0	0	0	0	0	0
fsh-generated/resources/ValueSet-AnurismeAflukning.json	713	2	0	0	0	0	0	0	0	3	0	0	0	0	0	0	0	0	0	0	10	31	0	0	0	1	0	0
fsh-generated/resources/ValueSet-AnurismeStoerrelseSAH.json	885	1	0	0	0	0	0	0	0	4	0	0	0	0	0	0	0	0	0	0	12	30	0	0	0	0	0	0
fsh-generated/resources/ValueSet-ArtritisDSR.json	778	2	0	0	0	0	0	0	0	3	0	0	0	0	0	0	0	0	0	0	10	27	0	0	0	0	0	0
fsh-generated/resources/ValueSet-ArtrosePlaceringDKR.json	1016	1	0	0	0	0	0	0	0	3	0	0	0	0	0	0	0	0	0	0	12	37	0	0	0	0	0	0
fsh-generated/resources/ValueSet-ArtrosefoelgeDSR.json	907	2	0	0	0	0	0	0	0	3	0	0	0	0	0	0	0	0	0	0	11	37	0	0	0	0	0	0
fsh-generated/resources/ValueSet-AsaIV.json	1122	1	0	0	0	0	0	0	0	3	0	0	0	0	0	0	0	0	0	0	12	31	0	0	0	0	0	0
fsh-generated/resources/ValueSet-AsaIVkort.json	964	2	0	0	0	0	0	0	0	3	0	0	0	0	0	0	0	0	0	0	11	51	0	0	0	0	0	0
fsh-generated/resources/ValueSet-AssistDevicesBallonStent.json	717	2	0	0	0	0	0	0	0	3	0	0	0	0	0	0	0	0	0	0	11	47	0	0	0	1	0	0
fsh-generated/resources/ValueSet-BanffClassifikation.json	1202	1	0	0	0	0	0	0	0	3	0	0	0	0	0	0	0	0	0	0	12	83	0	0	0	0	0	0
fsh-generated/resources/ValueSet-BegrundelseEndoskopiskLokalresektioen.json	1262	2	0	0	0	0	0	0	0	3	0	0	0	0	0	0	0	0	0	0	13	43	0	0	0	0	0	0
fsh-generated/resources/ValueSet-BehandlingCML.json	1634	1	0	0	0	0	0	0	0	7	0	0	0	0	0	0	0	0	0	0	14	47	0	0	0	0	0	0
fsh-generated/resources/ValueSet-BehandlingCMMLMDS.json	1510	2	0	0	1	0	0	0	0	7	0	0	0	0	0	0	0	1	0	0	14	45	0	0	0	0	0	0
fsh-generated/resources/ValueSet-BehandlingDHR.json	1054	2	0	0	0	0	0	0	0	5	0	0	0	0	0	0	0	0	0	0	12	46	0	0	0	1	0	0
fsh-generated/resources/ValueSet-BehandlingEndovaskulaerType.json	884	1	0	0	0	0	0	0	0	3	0	0	0	0	0	0	0	0	0	0	15	39	0	0	0	0	0	0
fsh-generated/resources/ValueSet-BehandlingKirurgiskEndovaskulaer.json	796	2	0	0	0	0	0	0	0	3	0	0	0	0	0	0	0	0	0	0	11	41	0	0	0	0	0	0
fsh-generated/resources/ValueSet-BehandlingMDS.json	1886	1	0	0	0	0	0	0	0	5	0	0	0	0	0	0	0	0	0	0	15	60	0	0	0	0	0	0
fsh-generated/resources/ValueSet-BehandlingPsykofarmakologiskRETSPSYK.json	1495	2	0	0	0	0	0	0	1	6	0	0	0	0	0	0	0	0	0	0	14	53	0	0	0	0	0	0
fsh-generated/resources/ValueSet-BehandlingTilstraekkelig.json	846	1	0	0	0	0	0	0	0	6	0	0	0	0	0	0	0	0	0	0	13	39	0	0	0	0	0	0
fsh-generated/resources/ValueSet-BehandlingsResponsEvalueringLYFO.json	1895	2	0	0	0	0	0	0	0	5	0	0	0	0	0	0	0	0	0	0	24	41	0	0	0	1	0	0
fsh-generated/resources/ValueSet-BehandlingsTypeStamcellestoetteLYFO.json	1081	2	0	0	0	0	0	0	0	3	0	0	0	0	0	0	0	0	0	0	14	42	0	0	0	0	0	0
fsh-generated/resources/ValueSet-BehandlingsVarighedDHR.json	933	1	0	0	0	0	0	0	0	4	0	0	0	0	0	0	0	0	0	0	19	33	0	0	0	0	0	0
fsh-generated/resources/ValueSet-BehandlingsindikationKAR.json	5467	2	0	0	0	0	0	0	0	5	0	0	0	0	0	0	0	0	0	0	32	92	0	0	0	1	0	0
fsh-generated/resources/ValueSet-Behandlingsintention.json	888	1	0	0	0	0	0	0	0	3	0	0	0	0	0	0	0	0	0	0	11	31	0	0	0	0	0	0
fsh-generated/resources/ValueSet-BehandlingsresponsCML.json	1518	2	0	0	0	0	0	0	0	4	0	0	0	0	0	0	0	0	0	0	15	35	0	0	0	0	0	0
fsh-generated/resources/ValueSet-BehandlinsplanAendretAarsagDCCG.json	1021	2	0	0	1	0	0	0	0	3	0	0	0	0	0	0	0	0	0	0	12	31	0	0	0	0	0	0
fsh-generated/resources/ValueSet-BenlaengdeDHR.json	840	1	0	0	0	0	0	0	0	3	0	0	0	0	0	0	0	0	0	0	11	49	0	0	0	0	0	0
fsh-generated/resources/ValueSet-BilateralUnilateral.json	699	2	0	0	0	0	0	0	0	3	0	0	0	0	0	0	0	0	0	0	10	27	0	0	0	0	0	0
fsh-generated/resources/ValueSet-BinetStagingSystem.json	1065	1	0	0	0	0	0	0	0	4	0	0	0	0	0	0	0	0	0	0	13	29	0	0	0	1	0	0
fsh-generated/resources/ValueSet-BiobankSamples.json	1551	2	0	0	0	0	0	0	0	4	0	0	0	0	0	0	0	0	0	0	14	36	0	0	0	0	0	0
fsh-generated/resources/ValueSet-BlodfortyndendeMedicin.json	778	1	0	0	0	0	0	0	0	3	0	0	0	0	0	0	0	0	0	0	11	29	0	0	0	0	0	0
fsh-generated/resources/ValueSet-BloedningsprofylakseDHR.json	818	2	0	0	0	0	0	0	0	3	0	0	0	0	0	0	0	0	0	0	11	32	0	0	0	0	0	0
fsh-generated/resources/ValueSet-BoligforholdRETSPSYK.json	823	1	0	0	0	0	0	0	0	3	0	0	0	0	0	0	0	0	0	0	10	30	0	0	0	0	0	0
fsh-generated/resources/ValueSet-Boligform.json	1089	2	0	0	0	0	0	0	1	3	0	0	0	0	0	0	0	0	0	0	12	42	0	0	0	0	0	0
fsh-generated/resources/ValueSet-BoligformDAP.json	785	2	0	0	0	0	0	0	0	3	0	0	0	0	0	0	0	0	0	0	10	42	0	0	0	0	0	0
fsh-generated/resources/ValueSet-BrusklaesionArealDKRR.json	689	1	0	0	0	0	0	0	0	4	0	0	0	0	0	0	0	0	0	0	10	27	0	0	0	1	0	1
fsh-generated/resources/ValueSet-BrusklaesionBehandlingDKRR.json	1280	2	0	0	0	0	0	0	0	4	0	0	0	0	0	0	0	0	0	0	13	34	0	0	0	0	0	0
fsh-generated/resources/ValueSet-BrusklaesionPlaceringDKRR.json	1328	1	0	0	1	0	0	0	0	3	0	0	0	0	0	0	0	0	0	0	13	36	0	0	0	0	0	0
fsh-generated/resources/ValueSet-BulkingMaterialeDUGA.json	1003	2	0	0	0	0	0	0	0	4	0	0	0	0	0	0	0	0	0	0	12	32	0	0	0	0	0	0
fsh-generated/resources/ValueSet-CALRvariant.json	1056	1	0	0	0	0	0	0	0	3	0	0	0	0	0	0	0	0	0	0	30	33	0	0	0	0	0	0
fsh-generated/resources/ValueSet-CancerUdredning.json	1277	2	0	0	0	0	0	0	0	4	0	0	0	0	0	0	0	0	0	0	13	35	0	0	0	0	0	0
fsh-generated/resources/ValueSet-CancertypeDCCG.json	641	2	0	0	0	0	0	0	0	3	0	0	0	0	0	0	0	0	0	0	10	28	0	0	0	1	0	0
fsh-generated/resources/ValueSet-CaputDiameterDHR.json	1099	1	0	0	0	0	0	0	0	3	0	0	0	0	0	0	0	0	0	0	12	35	0	0	0	0	0	0
fsh-generated/resources/ValueSet-CaputModulaerTypeDHR.json	740	2	0	0	0	0	0	0	0	5	0	0	0	0	0	0	0	0	0	0	10	37	0	0	0	0	0	0
fsh-generated/resources/ValueSet-CaputTypeDHR.json	692	1	0	0	0	0	0	0	0	5	0	0	0	0	0	0	0	0	0	0	16	26	0	0	0	0	0	0
fsh-generated/resources/ValueSet-CaputnekroseDSR.json	806	2	0	0	0	0	0	0	0	5	0	0	0	0	0	0	0	0	0	0	15	28	0	0	0	0	0	0
fsh-generated/resources/ValueSet-CementBlandesystemDHR.json	785	1	0	0	0	0	0	0	0	4	0	0	0	0	0	0	0	0	0	0	11	28	0	0	0	0	0	0
fsh-generated/resources/ValueSet-CementDKR.json	2762	2	0	0	0	0	0	0	0	4	0	0	0	0	0	0	0	0	0	0	19	53	0	0	0	1	0	0
fsh-generated/resources/ValueSet-CementFemurTibiaPatellaDKR.json	2528	2	0	0	0	0	0	0	1	4	0	0	0	0	0	0	0	0	0	0	23	47	0	1	0	0	0	0
fsh-generated/resources/ValueSet-CementHofteDHR.json	2643	1	0	0	0	0	0	0	0	3	0	0	0	0	0	0	0	0	0	0	18	51	0	0	0	0	0	0
fsh-generated/resources/ValueSet-CentralBlock.json	928	2	0	0	1	0	0	0	0	3	0	0	0	0	0	0	0	0	0	0	12	28	0	0	0	0	0	0
fsh-generated/resources/ValueSet-CentralBlockType.json	1328	2	0	0	0	0	0	0	0	3	0	0	0	0	0	0	0	0	0	0	13	35	0	0	0	0	0	0
fsh-generated/resources/ValueSet-Chemotherapy.json	778	1	0	0	0	0	0	0	0	3	0	0	0	0	0	0	0	0	0	0	11	28	0	0	0	1	0	0
fsh-generated/resources/ValueSet-ChromosomPairs.json	975	2	0	0	0	0	0	0	0	3	0	0	0	0	0	0	0	0	0	0	12	32	0	0	0	0	0	0
fsh-generated/resources/ValueSet-CivilstandDAP.json	769	2	0	0	0	0	0	0	0	3	0	0	0	0	0	0	0	0	0	0	10	30	0	0	0	0	0	0
fsh-generated/resources/ValueSet-CivilstatusRETSPSYK.json	706	1	0	0	0	0	0	0	0	3	0	0	0	0	0	0	0	0	0	0	11	27	0	0	0	0	0	0
fsh-generated/resources/ValueSet-ClavienKomplikationsgrad.json	1596	2	0	0	0	0	0	0	0	3	0	0	0	0	0	0	0	0	0	0	13	37	0	0	0	0	0	0
fsh-generated/resources/ValueSet-ClavienKomplikationsgradDCCG.json	1426	2	0	0	0	0	0	0	0	4	0	0	0	0	0	0	0	0	0	0	13	34	0	0	0	0	0	0
fsh-generated/resources/ValueSet-ClavienKomplikationsgradLangDCCG.json	2474	1	0	0	0	0	0	0	0	3	0	0	0	0	0	0	0	0	0	0	19	39	0	0	0	1	0	0
fsh-generated/resources/ValueSet-ClinicalProtocolCodes.json	846	2	0	0	1	0	0	0	0	3	0	0	0	0	0	0	0	0	0	0	15	34	0	0	0	0	0	0
fsh-generated/resources/ValueSet-ClinicalProtocolCodes1.json	851	1	0	0	0	0	0	0	0	3	0	0	0	0	0	0	0	0	0	0	11	28	0	0	0	0	0	0
fsh-generated/resources/ValueSet-ClinicalProtocolNotParticipated.json	1051	2	0	0	0	0	0	0	1	3	0	0	0	0	0	0	0	0	0	0	12	28	0	0	0	0	0	0
fsh-generated/resources/ValueSet-Competence.json	1268	2	0	0	0	0	0	0	0	3	0	0	0	0	0	0	0	0	0	0	13	35	0	0	0	0	0	0
fsh-generated/resources/ValueSet-ComplicationAN.json	1728	1	0	0	0	0	0	0	0	3	0	0	0	0	0	0	0	0	0	0	14	40	0	0	0	0	0	0
fsh-generated/resources/ValueSet-ComplicationPO.json	1521	2	0	0	0	0	0	0	0	3	0	0	0	0	0	0	0	0	0	0	14	40	0	0	0	1	0	0
fsh-generated/resources/ValueSet-ComplicationsManifestation.json	1910	1	0	0	0	0	0	0	0	3	0	0	0	0	0	0	0	0	0	0	15	40	0	0	0	0	0	0
fsh-generated/resources/ValueSet-ComplicationsManifestation202412.json	1737	2	0	0	0	0	0	0	0	4	0	0	0	0	0	0	0	0	0	0	15	36	0	0	0	0	0	0
fsh-generated/resources/ValueSet-CoronaryArteryGraph.json	1106	2	0	0	0	0	0	0	0	3	0	0	0	0	0	0	0	0	0	0	13	30	0	0	0	0	0	0
fsh-generated/resources/ValueSet-Cyclus.json	1216	1	0	0	0	0	0	0	0	3	0	0	0	0	0	0	0	0	0	0	12	32	0	0	0	0	0	0
fsh-generated/resources/ValueSet-CytogeneticCancerChangesALD.json	2149	2	0	0	0	0	0	0	0	4	0	0	0	0	0	0	0	0	0	0	16	41	0	0	0	1	0	0
fsh-generated/resources/ValueSet-CytogeneticChanges.json	821	1	0	0	0	0	0	0	0	3	0	0	0	0	0	0	0	0	0	0	11	28	0	0	0	0	0	0
fsh-generated/resources/ValueSet-CytogeneticExamination.json	1208	2	0	0	0	0	0	0	0	3	0	0	0	0	0	0	0	0	0	0	12	32	0	0	0	0	0	0
fsh-generated/resources/ValueSet-CytogeneticResult.json	1516	1	0	0	0	0	0	0	1	4	0	0	0	0	0	0	0	0	0	0	14	41	0	0	0	0	0	0
fsh-generated/resources/ValueSet-CytogeneticResult202410.json	1440	2	0	0	1	0	0	0	0	3	0	0	0	0	0	0	0	0	0	0	13	45	0	0	0	1	0	0
fsh-generated/resources/ValueSet-CytogeneticRisk.json	977	1	0	0	0	0	0	0	0	3	0	0	0	0	0	0	0	0	0	0	11	30	0	0	0	0	0	0
fsh-generated/resources/ValueSet-CytogeneticRiskGrimwade2010.json	1324	2	0	0	0	0	0	0	0	3	0	0	0	0	0	0	0	0	0	0	13	33	0	0	0	0	0	0
fsh-generated/resources/ValueSet-CytogeneticRiskGrimwade2010DAMYDA.json	1130	2	0	0	0	0	0	0	0	3	0	0	0	0	0	0	0	0	0	0	12	37	0	0	0	1	0	0
fsh-generated/resources/ValueSet-CytogeneticSpecificerFund.json	748	1	0	0	0	0	0	0	0	3	0	0	0	0	0	0	0	0	0	0	11	27	0	0	0	0	0	0
fsh-generated/resources/ValueSet-CytogeneticStemCellType.json	923	2	0	0	0	0	0	0	0	3	0	0	0	0	0	0	0	0	0	0	12	28	0	0	0	0	0	0
fsh-generated/resources/ValueSet-Cytopeni.json	804	1	0	0	0	0	0	0	0	3	0	0	0	0	0	0	0	0	0	0	11	29	0	0	0	0	0	0
fsh-generated/resources/ValueSet-DHDeksklusionskriterie.json	2187	2	0	0	0	0	0	0	0	3	0	0	0	0	0	0	0	0	0	0	17	46	0	0	0	1	0	0
fsh-generated/resources/ValueSet-DSAFundLokation.json	1631	1	0	0	0	0	0	0	0	4	0	0	0	0	0	0	0	0	0	0	14	39	0	0	0	0	0	0
fsh-generated/resources/ValueSet-DVTProfylakseDosisDKRR.json	914	2	0	0	0	0	0	0	0	3	0	0	0	0	0	0	0	0	0	0	11	29	0	0	0	0	0	0
fsh-generated/resources/ValueSet-DatabasesHAEMA.json	734	1	0	0	0	0	0	0	0	2	0	0	0	0	0	0	0	0	0	0	11	28	0	0	0	0	0	0
fsh-generated/resources/ValueSet-DegcMDTBeslutning.json	871	2	0	0	0	0	0	0	0	4	0	0	0	0	0	0	0	0	0	0	11	29	0	0	0	1	0	0
fsh-generated/resources/ValueSet-DetectionMethodCR.json	726	1	0	0	0	0	0	0	1	2	0	0	0	0	0	0	0	0	0	0	10	26	0	0	0	0	0	0
fsh-generated/resources/ValueSet-DiagnoseDANDEM.json	2267	2	0	0	0	0	0	0	0	4	0	0	0	0	0	0	0	0	0	0	17	42	0	0	0	0	0	0
fsh-generated/resources/ValueSet-DiagnoseDMPN.json	1235	2	0	0	0	0	0	0	0	3	0	0	0	0	0	0	0	0	0	0	13	31	0	0	0	0	0	0
fsh-generated/resources/ValueSet-DiagnoseDMPNopfoelgning.json	1144	1	0	0	0	0	0	0	0	3	0	0	0	0	0	0	0	0	0	0	12	30	0	0	0	1	0	0
fsh-generated/resources/ValueSet-DiagnosegruppeHAEMA.json	1133	2	0	0	1	0	0	0	0	3	0	0	0	0	0	0	0	0	0	0	12	32	0	0	0	0	0	0
fsh-generated/resources/ValueSet-DiagnosetypeDPD.json	696	1	0	0	0	0	0	0	0	6	0	0	0	0	0	0	0	0	0	0	10	26	0	0	0	0	0	0
fsh-generated/resources/ValueSet-DialyseOpstartDNSL.json	772	2	0	0	0	0	0	0	0	3	0	0	0	0	0	0	0	0	0	0	11	27	0	0	0	0	0	0
fsh-generated/resources/ValueSet-DialyseadgangDNSL.json	1018	1	0	0	0	0	0	0	0	3	0	0	0	0	0	0	0	0	0	0	11	29	0	0	0	0	0	0
fsh-generated/resources/ValueSet-DoedLokation.json	1227	2	0	0	0	0	0	0	0	3	0	0	0	0	0	0	0	0	0	0	13	32	0	0	0	0	0	0
fsh-generated/resources/ValueSet-DoedsaarsagALD.json	1599	1	0	0	0	0	0	0	0	3	0	0	0	0	0	0	0	0	0	0	15	33	0	0	0	1	0	0
fsh-generated/resources/ValueSet-DoedsaarsagCLL.json	974	2	0	0	0	0	0	0	0	4	0	0	0	0	0	0	0	0	0	0	11	28	0	0	0	0	0	0
fsh-generated/resources/ValueSet-DoedsaarsagDAMYDA.json	1316	1	0	0	0	0	0	0	0	3	0	0	0	0	0	0	0	1	0	0	14	37	0	0	0	0	0	0
fsh-generated/resources/ValueSet-DoedsaarsagLYFO.json	1386	2	0	0	0	0	0	0	1	5	0	0	0	0	0	0	0	0	0	0	19	30	0	0	0	0	0	0
fsh-generated/resources/ValueSet-DoedsaarsagSAH.json	1624	1	0	0	0	0	0	0	0	7	0	0	0	0	0	0	0	0	0	0	14	37	0	0	0	0	0	0
fsh-generated/resources/ValueSet-DomAendringPauseringRETSPSYK.json	750	2	0	0	0	0	0	0	0	3	0	0	0	0	0	0	0	0	0	0	11	28	0	0	0	0	0	0
fsh-generated/resources/ValueSet-DomAfslutningRETSPSYK.json	822	1	0	0	0	0	0	0	0	3	0	0	0	0	0	0	0	0	0	0	10	28	0	0	0	1	0	0
fsh-generated/resources/ValueSet-DomAnbefalingRETSPSYK.json	1351	2	0	0	0	0	0	0	0	3	0	0	0	0	0	0	0	0	0	0	14	33	0	0	0	0	0	0
fsh-generated/resources/ValueSet-DomAnbringelseRETSPSYK.json	818	2	0	0	0	0	0	0	0	3	0	0	0	0	0	0	0	0	0	0	11	26	0	0	0	0	0	0
fsh-generated/resources/ValueSet-DomBehandlingAmbulantRETSPSYK.json	1342	1	0	0	0	0	0	0	0	3	0	0	0	0	0	0	0	0	0	0	13	29	0	0	0	0	0	0
fsh-generated/resources/ValueSet-DomBehandlingRETSPSYK.json	830	2	0	0	0	0	0	0	0	3	0	0	0	0	0	0	0	0	0	0	10	27	0	0	0	0	0	0
fsh-generated/resources/ValueSet-DomForanstaltningstypeRETSPSYK.json	983	1	0	0	0	0	0	0	0	2	0	0	0	0	0	0	0	0	0	0	12	28	0	0	0	0	0	0
fsh-generated/resources/ValueSet-DomOphaevelseAarsagRETSPSYK.json	1007	2	0	0	1	0	0	0	0	3	0	0	0	0	0	0	0	0	0	0	11	38	0	0	0	1	0	0
fsh-generated/resources/ValueSet-DomPauseringAarsagRETSPSYK.json	843	1	0	0	0	0	0	0	0	3	0	0	0	0	0	0	0	0	0	0	11	28	0	0	1	0	0	0
fsh-generated/resources/ValueSet-DomTidligereRETSPSYK.json	2007	2	0	0	0	0	0	0	0	4	0	0	0	0	0	0	0	0	0	0	15	35	0	0	0	0	0	0
fsh-generated/resources/ValueSet-DonorRelationDNSL.json	1206	2	0	0	0	0	0	0	0	3	0	0	0	0	0	0	0	0	0	0	12	33	0	0	0	0	0	0
fsh-generated/resources/ValueSet-DonorRelationship.json	981	1	0	0	0	0	0	0	1	3	0	0	0	0	0	0	0	0	0	0	12	32	0	0	0	0	0	0
fsh-generated/resources/ValueSet-DosisAKbehDKR.json	681	2	0	0	0	0	0	0	0	3	0	0	0	0	0	0	0	0	0	0	10	33	0	0	0	0	0	0
fsh-generated/resources/ValueSet-ECOG.json	1129	1	0	0	0	0	0	0	0	3	0	0	0	0	0	0	0	0	0	0	12	35	0	0	0	1	0	0
fsh-generated/resources/ValueSet-ECOGHAEMA.json	1078	2	0	0	0	0	0	0	0	3	0	0	0	0	0	0	0	0	0	0	14	30	0	0	0	0	0	0
fsh-generated/resources/ValueSet-EDTAHaemodialyseDNSL.json	854	1	0	0	0	0	0	0	0	3	0	0	0	0	0	0	0	0	0	0	17	28	0	0	0	0	0	0
fsh-generated/resources/ValueSet-EDTAPeritonedialyseDNSL.json	1215	2	0	0	0	0	0	0	0	2	0	0	0	0	0	0	0	0	0	0	19	31	0	0	0	0	0	0
fsh-generated/resources/ValueSet-EDTATransplantationDNSL.json	1822	2	0	0	0	0	0	0	0	6	0	0	0	0	0	0	0	0	0	0	21	37	0	0	0	0	0	0
fsh-generated/resources/ValueSet-EHSVentralHernieLateral.json	908	1	0	0	0	0	0	0	0	6	0	0	0	0	0	0	0	0	0	0	11	28	0	0	0	0	0	0
fsh-generated/resources/ValueSet-EHSVentralHernieMidtlinie.json	1025	2	0	0	0	0	0	0	0	3	0	0	0	0	0	0	0	0	0	0	13	30	0	0	0	1	0	0
fsh-generated/resources/ValueSet-EHSVentralHernieSamlet.json	1856	1	0	0	0	0	0	0	0	3	0	0	0	0	0	0	0	0	0	0	15	45	0	0	0	0	0	1
fsh-generated/resources/ValueSet-EHSVentralHernieType.json	918	2	0	0	0	0	0	0	0	6	0	0	0	0	0	0	0	0	0	0	11	29	0	0	0	0	0	0
fsh-generated/resources/ValueSet-EORTC14DPD.json	864	2	0	0	1	0	0	0	0	3	0	0	0	0	0	0	0	0	0	0	11	32	0	0	0	0	0	0
fsh-generated/resources/ValueSet-EORTC17DPD.json	1186	1	0	0	0	0	0	0	1	3	0	0	0	0	0	0	0	0	0	0	12	51	0	0	0	0	0	0
fsh-generated/resources/ValueSet-EORTC17DUGA.json	1178	2	0	0	0	0	0	0	0	3	0	0	0	0	0	0	0	0	0	0	12	36	0	0	0	0	0	0
fsh-generated/resources/ValueSet-EORTC24DPD.json	770	1	0	0	0	0	0	0	0	3	0	0	0	0	0	0	0	0	0	0	11	29	0	0	0	1	0	0
fsh-generated/resources/ValueSet-EndoskopiskUdseende.json	1024	2	0	0	0	0	0	0	0	3	0	0	0	0	0	0	0	0	0	0	12	29	0	0	0	0	0	0
fsh-generated/resources/ValueSet-ErklaeringRETSPSYK.json	1228	2	0	0	0	0	0	0	0	3	0	0	0	0	0	0	0	0	0	0	13	30	0	0	0	0	0	0
fsh-generated/resources/ValueSet-ExtraordinaryTreatmenCause.json	1011	1	0	0	0	0	0	0	0	3	0	0	0	0	0	0	0	0	0	0	12	29	0	0	0	0	0	0
fsh-generated/resources/ValueSet-FISHProcedure.json	1121	2	0	0	0	0	0	0	0	4	0	0	0	0	0	0	0	0	0	0	12	35	0	0	0	0	0	0
fsh-generated/resources/ValueSet-FISHResult.json	1706	1	0	0	0	0	1	0	0	4	0	0	0	0	0	0	0	0	0	0	15	40	0	0	0	0	0	0
fsh-generated/resources/ValueSet-FISHResult202502.json	1904	2	0	0	0	0	0	0	0	7	0	0	0	0	0	0	0	0	0	0	16	47	0	0	0	1	0	0
fsh-generated/resources/ValueSet-FISHSamples.json	1612	1	0	0	0	0	0	0	0	6	0	0	0	0	0	0	0	0	0	0	14	39	0	0	0	0	0	0
fsh-generated/resources/ValueSet-FISHSamples202502.json	1587	2	0	0	0	0	0	0	0	5	0	0	0	0	0	0	0	0	0	0	14	37	0	0	0	0	0	0
fsh-generated/resources/ValueSet-Faggruppe.json	680	2	0	0	0	0	0	0	0	5	0	0	0	0	0	0	0	0	0	0	10	38	0	0	0	0	0	0
fsh-generated/resources/ValueSet-FemurKnogletabKlassifikationDHR.json	1162	1	0	0	0	0	0	0	1	6	0	0	0	0	0	0	0	0	0	0	13	44	0	0	0	0	0	0
fsh-generated/resources/ValueSet-FiksationCementeretUcementeret.json	761	2	0	0	0	0	0	0	0	5	0	0	0	0	0	0	0	0	0	0	11	30	0	0	0	1	0	0
fsh-generated/resources/ValueSet-FiksationCementeretUcementeretAndet.json	991	1	0	0	1	0	0	0	0	3	0	0	0	0	0	0	0	0	0	0	13	29	0	0	0	0	0	0
fsh-generated/resources/ValueSet-FiksationCementeretUcementeretHybrid.json	880	2	0	0	0	0	0	0	0	3	0	0	0	0	0	0	0	0	0	0	11	28	0	0	0	0	0	0
fsh-generated/resources/ValueSet-FiksationFemurDKRR.json	5904	1	0	0	0	0	0	0	0	4	0	0	0	0	0	0	0	0	0	0	34	81	0	1	0	1	0	0
fsh-generated/resources/ValueSet-FiksationTibiaDKRR.json	5822	2	0	0	0	0	0	0	0	5	0	0	0	0	0	0	0	0	0	0	34	101	0	0	0	0	0	0
fsh-generated/resources/ValueSet-FisherGrad.json	866	2	0	0	0	0	0	0	1	3	0	0	0	0	0	0	0	0	0	0	11	30	0	0	0	0	0	0
fsh-generated/resources/ValueSet-FoedselsstedRETSPSYK.json	1438	1	0	0	0	0	0	0	0	3	0	0	0	0	0	0	0	0	0	0	13	42	0	0	0	1	0	0
fsh-generated/resources/ValueSet-FollowUp25Y.json	658	2	0	0	0	0	0	0	0	3	0	0	0	0	0	0	0	0	0	0	11	27	0	0	0	0	0	0
fsh-generated/resources/ValueSet-ForsoergelsesgrundlagRETSPSYK.json	1307	1	0	0	0	0	0	0	0	6	0	0	0	0	0	0	0	0	0	0	13	31	0	0	0	0	0	0
fsh-generated/resources/ValueSet-FrakturFriskhedDSR.json	800	2	0	0	0	0	0	0	0	4	0	0	0	0	0	0	0	0	0	0	10	31	0	0	0	0	0	0
fsh-generated/resources/ValueSet-FrekvensLaekDUGA.json	1094	1	0	0	0	0	0	0	0	3	0	0	0	0	0	0	0	0	0	0	11	45	0	0	0	0	0	0
fsh-generated/resources/ValueSet-FrekvensNedsynkningDUGA.json	1082	2	0	0	0	0	0	0	0	3	0	0	0	0	0	0	0	0	0	0	11	31	0	0	0	0	0	0
fsh-generated/resources/ValueSet-FunktionTestADLDANDEM.json	789	2	0	0	0	0	0	0	0	3	0	0	0	0	0	0	0	0	0	0	11	28	0	0	0	0	0	0
fsh-generated/resources/ValueSet-FunktionsgruppeDHR.json	953	1	0	0	0	0	0	0	0	3	0	0	0	0	0	0	0	0	0	0	11	29	0	0	0	1	0	0
fsh-generated/resources/ValueSet-FunktionsgruppeDKR.json	1141	2	0	0	0	0	0	0	0	3	0	0	0	0	0	0	0	0	0	0	12	30	0	0	0	0	0	0
fsh-generated/resources/ValueSet-Gender.json	622	1	0	0	0	0	0	0	0	3	0	0	0	0	0	0	0	0	0	0	11	28	0	0	0	0	0	0
fsh-generated/resources/ValueSet-GenoplivStoppet.json	857	2	0	0	1	0	0	0	0	3	0	0	0	0	0	0	0	0	0	0	11	28	0	0	0	0	0	0
fsh-generated/resources/ValueSet-Genoplivning.json	877	1	0	0	0	0	0	0	0	3	0	0	0	0	0	0	0	0	0	0	10	29	0	0	0	0	0	0
fsh-generated/resources/ValueSet-GlenoidalkomponentIkkeIndsatDSR.json	1221	2	0	0	0	0	0	0	0	3	0	0	0	0	0	0	0	0	0	0	13	41	0	0	0	0	0	0
fsh-generated/resources/ValueSet-GlenoidalkomponentSupplerendeDSR.json	1280	1	0	0	0	0	0	0	1	3	0	0	0	0	0	0	0	0	0	0	12	33	0	0	0	0	0	0
fsh-generated/resources/ValueSet-GradAkutDHDB.json	770	2	0	0	0	0	0	0	0	3	0	0	0	0	0	0	0	0	0	0	11	26	0	0	0	1	0	0
fsh-generated/resources/ValueSet-GraftACLDKRR.json	2273	1	0	0	0	0	0	0	0	3	0	0	0	0	0	0	0	0	0	0	17	44	0	0	0	0	0	0
fsh-generated/resources/ValueSet-GraftDKRR.json	2110	2	0	0	0	0	0	0	0	3	0	0	0	0	0	0	0	0	0	0	16	43	0	0	0	0	0	0
fsh-generated/resources/ValueSet-GrundlidelseDHR.json	2387	2	0	0	0	0	0	0	0	3	0	0	0	0	0	0	0	0	0	0	17	44	0	0	0	0	0	0
fsh-generated/resources/ValueSet-GrundlidelseDKR.json	2223	1	0	0	0	1	0	0	0	4	0	0	0	0	0	0	0	0	0	0	17	43	0	0	0	1	0	0
fsh-generated/resources/ValueSet-GrundlidelseDSR.json	1398	2	0	0	0	0	0	0	0	3	0	0	0	0	0	0	0	0	0	0	13	35	0	0	0	0	0	0
fsh-generated/resources/ValueSet-GynUndersoegDUGA.json	753	1	0	0	0	0	0	0	0	3	0	0	0	0	0	0	0	0	0	0	10	27	0	0	0	0	0	0
fsh-generated/resources/ValueSet-HaemoglobinTransf4.json	935	2	0	0	0	0	0	0	0	2	0	0	0	0	0	0	0	0	0	0	12	28	0	0	0	0	0	0
fsh-generated/resources/ValueSet-HarrisHipScoreGangafvikling.json	914	1	0	0	0	0	0	0	0	3	0	0	0	0	0	0	0	0	0	0	12	29	0	0	0	0	0	0
fsh-generated/resources/ValueSet-HarrisHipScoreGangdistance.json	1012	2	0	0	0	0	0	0	0	3	0	0	0	0	0	0	0	0	0	0	11	30	0	0	0	0	0	0
fsh-generated/resources/ValueSet-HarrisHipScoreHjaelpemidler.json	1138	1	0	0	0	0	0	0	1	3	0	0	0	0	0	0	0	0	0	0	13	29	0	0	0	1	0	0
fsh-generated/resources/ValueSet-HarrisHipScoreOffentligTransport.json	790	2	0	0	1	0	0	0	0	3	0	0	0	0	0	0	0	0	0	0	11	27	0	0	0	0	0	0
fsh-generated/resources/ValueSet-HarrisHipScoreSiddefunktion.json	858	1	0	0	0	0	0	0	0	3	0	0	0	0	0	0	0	0	0	0	12	28	0	0	0	2	0	0
fsh-generated/resources/ValueSet-HarrisHipScoreSkoStroemper.json	826	2	0	0	0	0	0	0	0	3	0	0	0	0	0	0	0	0	0	0	10	27	0	0	0	0	0	0
fsh-generated/resources/ValueSet-HarrisHipScoreSmerter.json	1225	1	0	0	0	0	0	0	0	3	0	0	0	0	0	0	0	0	0	0	14	31	0	0	0	0	0	0
fsh-generated/resources/ValueSet-HarrisHipScoreTrappegang.json	918	2	0	0	0	0	0	0	0	6	0	0	0	0	0	0	0	0	0	0	11	29	0	0	0	0	0	0
fsh-generated/resources/ValueSet-HeartAttackSTEMIPosition.json	963	1	0	0	0	0	0	0	0	6	0	0	0	0	0	0	0	0	0	0	12	27	0	0	0	1	0	0
fsh-generated/resources/ValueSet-HeartAttackTypes.json	1073	2	0	0	0	0	0	0	0	6	0	0	0	0	0	0	0	0	0	0	13	29	0	0	0	0	0	0
fsh-generated/resources/ValueSet-HeartFailure.json	907	2	0	0	0	0	0	0	0	6	0	0	0	0	0	0	0	0	0	0	11	28	0	0	0	0	0	0
fsh-generated/resources/ValueSet-HeartRhythm.json	936	1	0	0	0	0	0	0	0	5	0	0	0	0	0	0	0	0	0	0	12	31	0	0	0	0	0	0
fsh-generated/resources/ValueSet-HematologicalDiseases.json	1319	2	0	0	0	0	0	0	0	3	0	0	0	0	0	0	0	0	0	0	14	32	0	0	0	0	0	0
fsh-generated/resources/ValueSet-HemialloplastikFemur.json	777	1	0	0	0	0	0	0	0	3	0	0	0	0	0	0	0	0	0	0	11	27	0	0	0	0	0	0
fsh-generated/resources/ValueSet-HenvistFra.json	1253	2	0	0	0	0	0	0	0	3	0	0	0	0	0	0	0	0	0	0	13	33	0	0	0	0	0	0
fsh-generated/resources/ValueSet-HernieStoerrelse.json	1029	2	0	0	0	0	0	0	1	3	0	0	0	0	0	0	0	1	0	0	12	32	0	0	0	1	0	0
fsh-generated/resources/ValueSet-HjerneoedemDAP.json	802	1	0	0	0	0	0	0	0	3	0	0	0	0	0	0	0	0	0	0	10	28	0	0	0	0	0	0
fsh-generated/resources/ValueSet-Hjerterytme.json	785	2	0	0	0	0	0	0	0	3	0	0	0	0	0	0	0	0	0	0	11	28	0	0	0	0	0	0
fsh-generated/resources/ValueSet-HjertestopAarsag.json	703	1	0	0	1	0	0	0	0	2	0	0	0	0	0	0	0	0	0	0	11	29	0	0	0	0	0	0
fsh-generated/resources/ValueSet-HumeruskomponentDSR.json	956	2	0	0	0	0	0	0	0	3	0	0	0	0	0	0	0	0	0	0	12	30	0	0	0	0	0	0
fsh-generated/resources/ValueSet-HuntHessClassification.json	1254	1	0	0	0	0	0	0	0	4	0	0	0	0	0	0	0	0	0	0	13	32	0	0	0	0	0	0
fsh-generated/resources/ValueSet-HydrocephalusTiltag.json	769	2	0	0	0	0	0	0	0	2	0	0	0	0	0	0	0	0	0	0	11	27	0	0	0	0	0	0
fsh-generated/resources/ValueSet-Hyppighed.json	1014	2	0	0	0	0	0	0	0	3	0	0	0	0	0	0	0	0	0	0	11	32	0	0	0	1	0	0
fsh-generated/resources/ValueSet-ICHEvakuering.json	771	1	0	0	0	0	0	0	0	5	0	0	0	0	0	0	0	0	0	0	11	27	0	0	0	0	0	0
fsh-generated/resources/ValueSet-ICRSGraduering14.json	993	2	0	0	0	0	0	0	0	5	0	0	0	0	0	0	0	0	0	0	11	31	0	0	0	0	0	0
fsh-generated/resources/ValueSet-IDC10DPD.json	4494	1	0	0	0	0	0	0	0	7	0	0	0	0	0	0	0	0	0	0	26	63	0	0	0	0	0	0
fsh-generated/resources/ValueSet-IDC10DPDCancer.json	3593	2	0	0	0	0	0	0	1	6	0	0	0	0	0	0	0	0	0	0	22	60	0	0	0	1	0	0
fsh-generated/resources/ValueSet-IDC10DPDNonCancer.json	1368	2	0	0	0	0	0	0	0	5	0	0	0	0	0	0	0	0	0	0	14	34	0	0	0	0	0	0
fsh-generated/resources/ValueSet-IPSSRCytogenetiskRisiko.json	1230	1	0	0	0	0	0	0	0	3	0	0	0	0	0	0	0	0	0	0	13	33	0	0	0	0	0	0
fsh-generated/resources/ValueSet-IkkeBesvaret.json	820	2	0	0	0	0	0	0	0	3	0	0	0	0	0	0	0	0	0	0	10	31	0	0	0	0	0	0
fsh-generated/resources/ValueSet-IkkeUdfoert.json	568	2	0	0	0	0	0	0	0	3	0	0	0	0	0	0	0	0	0	0	10	30	0	0	0	0	0	0
fsh-generated/resources/ValueSet-Imaging.json	611	1	0	0	1	0	0	0	0	3	0	0	0	0	0	0	0	0	0	0	10	27	0	0	0	0	0	0
fsh-generated/resources/ValueSet-ImagingAngio.json	662	2	0	1	0	0	0	0	0	2	0	0	0	0	0	0	0	0	0	0	10	28	0	0	0	1	0	0
fsh-generated/resources/ValueSet-Immunoterapi.json	1616	1	0	0	0	0	0	0	0	4	0	0	0	0	0	0	0	0	0	0	15	37	0	0	0	0	0	0
fsh-generated/resources/ValueSet-ImplantatAnatomiskDesign.json	730	2	0	0	0	0	0	0	0	3	0	0	0	0	0	0	0	0	0	0	10	28	0	0	0	0	0	0
fsh-generated/resources/ValueSet-ImplantatAnatomiskOffset.json	727	1	0	0	0	0	0	0	0	3	0	0	0	0	0	0	0	0	0	0	12	28	0	0	0	0	0	0
fsh-generated/resources/ValueSet-ImplantatAnatomiskReverse.json	728	2	0	0	0	0	0	0	0	2	0	0	0	0	0	0	0	0	0	0	10	32	0	0	0	0	0	0
fsh-generated/resources/ValueSet-ImplantatMaterialeDSR.json	1012	1	0	0	0	0	0	0	0	4	0	0	0	0	0	0	0	0	0	0	12	33	0	0	0	0	0	0
fsh-generated/resources/ValueSet-ImplantatMaterialeKeramikMetalAndet.json	987	2	0	0	0	0	0	0	0	2	0	0	0	0	0	0	0	0	0	0	12	32	0	0	0	0	0	0
fsh-generated/resources/ValueSet-ImplantatMaterialePolyethylenKeramikMetal.json	912	1	0	0	0	0	0	0	0	3	0	0	0	0	0	0	0	0	0	0	11	33	0	0	0	1	0	0
fsh-generated/resources/ValueSet-ImplantatReverseDesign.json	717	2	0	0	0	0	0	0	1	3	0	0	0	0	0	0	0	0	0	0	11	28	0	0	0	0	0	0
fsh-generated/resources/ValueSet-ImplantattypeDUGA.json	1111	1	0	0	0	0	0	0	0	3	0	0	0	0	0	0	0	0	0	0	12	32	0	0	0	0	0	0
fsh-generated/resources/ValueSet-Incisionsvalg.json	1843	2	0	0	0	0	0	0	0	3	0	0	0	0	0	0	0	0	0	0	14	38	0	0	0	0	0	0
fsh-generated/resources/ValueSet-IndgrebAabenIngvinalhernieDHDB.json	1187	2	0	0	0	0	0	0	0	3	0	0	0	0	0	0	0	0	0	0	13	31	0	0	0	0	0	0
fsh-generated/resources/ValueSet-IndgrebAabenMeshIngvinalhernieDHDB.json	1003	1	0	0	0	0	0	0	0	3	0	0	0	0	0	0	0	0	0	0	12	48	0	0	0	0	0	0
fsh-generated/resources/ValueSet-IndgrebComponentsSeparationDHDB.json	759	2	0	0	1	0	0	0	0	3	0	0	0	0	0	0	0	0	0	0	11	34	0	0	0	1	0	0
fsh-generated/resources/ValueSet-IndgrebComponentsSeparationTypeDHDB.json	829	1	0	0	0	0	0	0	0	3	0	0	0	0	0	0	0	0	0	0	11	30	0	0	0	0	0	0
fsh-generated/resources/ValueSet-IndgrebFemoralhernieDHDB.json	1414	2	0	0	0	0	0	0	0	3	0	0	0	0	0	0	0	0	0	0	14	35	0	0	0	0	0	0
fsh-generated/resources/ValueSet-IndgrebIngvinalhernieDHDB.json	1796	1	0	0	0	0	0	0	0	3	0	0	0	0	0	0	0	0	0	0	16	57	0	0	0	0	0	0
fsh-generated/resources/ValueSet-IndgrebLaparoskopiskDHDB.json	798	2	0	0	0	0	0	0	0	3	0	0	0	0	0	0	0	0	0	0	10	37	0	0	0	0	0	0
fsh-generated/resources/ValueSet-IndgrebNerveSet.json	808	1	0	0	0	0	0	0	0	3	0	0	0	0	0	0	0	0	0	0	11	32	0	0	0	0	0	0
fsh-generated/resources/ValueSet-IndgrebPrioritetAkutElektiv.json	732	2	0	0	0	0	0	0	0	2	0	0	0	0	0	0	0	0	0	0	11	37	0	0	0	0	0	0
fsh-generated/resources/ValueSet-IndgrebVentralhernieAndenDHDB.json	1073	2	0	0	0	0	0	0	0	3	0	0	0	0	0	0	0	0	0	0	12	33	0	0	0	1	0	0
fsh-generated/resources/ValueSet-IndgrebVentralhernieDHDB.json	1729	1	0	0	0	0	0	0	0	3	0	0	0	0	0	0	0	0	0	0	15	38	0	0	0	0	0	0
fsh-generated/resources/ValueSet-IndikationTES.json	882	2	0	0	0	0	0	0	1	3	0	0	0	0	0	0	0	0	0	0	12	30	0	0	0	0	0	0
fsh-generated/resources/ValueSet-IndsatFjernet.json	659	1	0	0	0	0	0	0	0	3	0	0	0	0	0	0	0	0	0	0	11	28	0	0	0	0	0	0
fsh-generated/resources/ValueSet-IndsatIkkeIndsat.json	685	2	0	0	0	0	0	0	0	3	0	0	0	0	0	0	0	0	0	0	10	31	0	0	0	0	0	0
fsh-generated/resources/ValueSet-Ingen.json	563	1	0	0	0	0	0	0	0	2	0	0	0	0	0	0	0	0	0	0	10	35	0	0	0	0	0	0
fsh-generated/resources/ValueSet-IngenBehandling.json	625	2	0	0	0	0	0	0	0	3	0	0	0	0	0	0	0	0	0	0	10	36	0	0	0	0	0	1
fsh-generated/resources/ValueSet-IngvinalhernieSpecificering.json	1051	2	0	0	1	0	0	0	0	3	0	0	0	0	0	0	0	0	0	0	12	37	0	0	0	1	0	0
fsh-generated/resources/ValueSet-InitialRespons.json	982	1	0	0	0	0	0	0	0	3	0	0	0	0	0	0	0	0	0	0	12	44	0	0	0	0	0	0
fsh-generated/resources/ValueSet-Interventionsforloeb.json	792	2	0	0	0	0	0	0	0	3	0	0	0	0	0	0	0	0	0	0	10	44	0	0	0	0	0	0
fsh-generated/resources/ValueSet-InterventionsgruppeDialyseHaemoDNSL.json	890	1	0	0	0	0	0	0	0	3	0	0	0	0	0	0	0	0	0	0	11	32	0	0	0	0	0	0
fsh-generated/resources/ValueSet-InterventionsgruppeDialysePeritonealDNSL.json	920	2	0	0	0	0	0	0	0	2	0	0	0	0	0	0	0	0	0	0	11	32	0	0	0	0	0	0
fsh-generated/resources/ValueSet-InterventionsgruppeTransplantDNSL.json	952	1	0	0	0	0	0	0	0	3	0	0	0	0	0	0	0	0	0	0	11	45	0	0	0	0	0	0
fsh-generated/resources/ValueSet-InterventionsgruppeTransplantExclDNSL.json	1095	2	0	0	0	0	0	0	0	3	0	0	0	0	0	0	0	0	0	0	13	40	0	0	0	1	0	0
fsh-generated/resources/ValueSet-IntraoperativeLaesionerKDCCG.json	1956	1	0	0	0	0	0	0	0	3	0	0	0	0	0	0	0	0	0	0	15	66	0	0	0	0	0	0
fsh-generated/resources/ValueSet-IntraoperativeLaesionerMDCCG.json	1856	2	0	0	0	0	0	0	0	4	0	0	0	0	0	0	0	0	0	0	14	44	0	0	0	0	0	0
fsh-generated/resources/ValueSet-Intubation.json	1254	2	0	0	0	0	0	0	1	3	0	0	0	0	0	0	0	0	0	0	13	35	0	0	0	1	0	0
fsh-generated/resources/ValueSet-IntubationRelaks.json	715	1	0	0	0	0	0	0	0	3	0	0	0	0	0	0	0	0	0	0	10	28	0	0	0	0	0	0
fsh-generated/resources/ValueSet-JaEnkeltUdfald.json	562	2	0	0	0	0	0	0	0	3	0	0	0	0	0	0	0	0	0	0	10	26	0	0	0	0	0	0
fsh-generated/resources/ValueSet-JaNej.json	614	1	0	0	0	0	0	0	0	2	0	0	0	0	0	0	0	0	0	0	10	28	0	0	0	0	0	0
fsh-generated/resources/ValueSet-JaNejBetinget.json	895	2	0	0	0	0	0	0	0	6	0	0	0	0	0	0	0	0	0	0	12	31	0	0	0	0	0	0
fsh-generated/resources/ValueSet-JaNejEjMaalt.json	746	1	0	0	1	0	0	0	0	5	0	0	0	0	0	0	0	0	0	0	10	35	0	0	0	0	0	0
fsh-generated/resources/ValueSet-JaNejIkkeSpurgt.json	757	2	0	0	0	0	0	0	0	6	0	0	0	0	0	0	0	0	0	0	10	28	0	0	0	1	0	0
fsh-generated/resources/ValueSet-JaNejIkkeUdfoert.json	885	1	0	0	0	0	0	0	0	3	0	0	0	0	0	0	0	0	0	0	12	29	0	0	0	0	0	0
fsh-generated/resources/ValueSet-JaNejIkkefagligrelevant.json	801	2	0	0	0	0	0	0	0	3	0	0	0	0	0	0	0	0	0	0	10	29	0	0	0	0	0	0
fsh-generated/resources/ValueSet-JaNejIkkeindiceret.json	902	1	0	0	0	0	0	0	0	3	0	0	0	0	0	0	0	0	0	0	11	29	0	0	0	0	0	0
fsh-generated/resources/ValueSet-JaNejIkkerelevant.json	762	2	0	0	0	0	0	0	0	3	0	0	0	0	0	0	0	0	0	0	11	28	0	0	0	0	0	0
fsh-generated/resources/ValueSet-JaNejKanIkkeAfgoeres.json	793	1	0	0	0	0	0	0	0	3	0	0	0	0	0	0	0	0	0	0	11	27	0	0	0	0	0	0
fsh-generated/resources/ValueSet-JaNejUkendt.json	765	2	0	0	0	0	0	0	0	2	0	0	0	0	0	0	0	0	0	0	10	29	0	0	0	0	0	0
fsh-generated/resources/ValueSet-JaNejUkendtIkkerelevant.json	919	2	0	0	0	0	0	0	0	3	0	0	0	0	0	0	0	0	0	0	11	29	0	0	0	0	0	0
fsh-generated/resources/ValueSet-JaNejUvist.json	736	1	0	0	0	0	0	0	0	7	0	0	0	0	0	0	0	0	0	0	12	27	0	0	0	1	0	0
fsh-generated/resources/ValueSet-JaNejUvistIkkeudfoert.json	1008	2	0	0	0	0	0	0	1	3	0	0	0	0	0	0	0	0	0	0	11	30	0	0	0	0	0	0
fsh-generated/resources/ValueSet-JaNejUvistUkendt.json	882	1	0	0	0	0	0	0	0	3	0	0	0	0	0	0	0	0	0	0	11	28	0	0	0	0	0	0
fsh-generated/resources/ValueSet-JaNejUvistUkendtIkkeRelevant.json	1019	2	0	0	0	0	0	0	0	3	0	0	0	0	0	0	0	0	0	0	11	30	0	0	0	0	0	0
fsh-generated/resources/ValueSet-KellgrenLawsonKlassifikation.json	1050	1	0	0	1	0	0	0	0	2	0	0	0	0	0	0	0	0	0	0	12	29	0	0	0	0	0	0
fsh-generated/resources/ValueSet-Kemoterapiregime.json	9585	2	0	0	0	0	0	0	1	6	0	0	0	0	0	0	0	0	0	0	43	150	0	0	0	1	0	0
fsh-generated/resources/ValueSet-KirurgiskAdgangDSR.json	926	2	0	0	0	0	0	0	0	2	0	0	0	0	0	0	0	0	0	0	12	28	0	0	0	0	0	0
fsh-generated/resources/ValueSet-KliniskeSymptomerDCCG.json	1385	1	0	0	0	0	0	0	0	3	0	0	0	0	0	0	0	0	0	0	13	33	0	0	0	1	0	0
fsh-generated/resources/ValueSet-KnaeLoeshedGradering.json	910	2	0	0	0	0	0	0	0	3	0	0	0	0	0	0	0	0	0	0	12	30	0	0	0	0	0	0
fsh-generated/resources/ValueSet-KnaeLoeshedPosterolateral.json	908	1	0	0	0	0	0	0	0	3	0	0	0	0	0	0	0	0	0	0	11	28	0	0	0	0	0	0
fsh-generated/resources/ValueSet-KnaeakseDKR.json	937	2	0	0	0	0	0	0	0	3	0	0	0	0	0	0	0	0	0	0	11	29	0	0	0	0	0	0
fsh-generated/resources/ValueSet-KnoglegraftDSR.json	891	1	0	0	0	0	0	0	0	3	0	0	0	0	0	0	0	0	0	0	11	45	0	0	0	0	0	0
fsh-generated/resources/ValueSet-KnogletransplantationDHR.json	865	2	0	0	0	0	0	0	0	3	0	0	0	0	0	0	0	0	0	0	11	37	0	0	0	0	0	0
fsh-generated/resources/ValueSet-KognitivPaavirkningDANDEM.json	1158	1	0	0	0	0	0	0	0	3	0	0	0	0	0	0	0	0	0	0	13	30	0	0	1	0	0	0
fsh-generated/resources/ValueSet-KognitivTestDANDEM.json	1012	2	0	0	0	0	0	0	0	2	0	0	0	0	0	0	0	0	0	0	11	33	0	0	0	1	0	0
fsh-generated/resources/ValueSet-KomplAndreDiagDUGA.json	1132	2	0	0	0	0	0	0	1	3	0	0	0	0	0	0	0	0	0	0	12	35	0	0	0	0	0	0
fsh-generated/resources/ValueSet-KomplAndreProcDUGA.json	1286	1	0	0	0	0	0	0	0	3	0	0	0	0	0	0	0	0	0	0	13	31	0	0	0	0	0	0
fsh-generated/resources/ValueSet-KomplBlaereDiagDUGA.json	810	2	0	0	1	0	0	0	0	3	0	0	0	0	0	0	0	0	0	0	10	27	0	0	0	0	0	0
fsh-generated/resources/ValueSet-KomplBlaereProcDUGA.json	1697	1	0	0	0	0	0	0	0	3	0	0	0	0	0	0	0	0	0	0	14	40	0	0	0	0	0	0
fsh-generated/resources/ValueSet-KomplBloedDiagDUGA.json	914	2	0	0	0	0	0	0	0	2	0	0	0	0	0	0	0	0	0	0	11	31	0	0	0	0	0	0
fsh-generated/resources/ValueSet-KomplBloedProcDUGA.json	1140	1	0	0	0	0	0	0	0	3	0	0	0	0	0	0	0	0	0	0	12	32	0	0	0	0	0	0
fsh-generated/resources/ValueSet-KomplInfektionDiagDUGA.json	1196	2	0	0	0	0	0	0	0	3	0	0	0	0	0	0	0	1	0	0	13	30	0	0	0	1	0	0
fsh-generated/resources/ValueSet-KomplInfektionProcDUGA.json	2322	1	0	0	0	0	0	0	0	3	0	0	0	0	0	0	0	0	0	0	17	39	0	0	0	0	0	0
fsh-generated/resources/ValueSet-KomplOrganperfDiagDUGA.json	1358	2	0	0	0	0	0	0	0	3	0	0	0	0	0	0	0	0	0	0	13	30	0	0	0	0	0	0
fsh-generated/resources/ValueSet-KomplOrganperfProcDUGA.json	1368	2	0	0	0	0	0	0	0	3	0	0	0	0	0	0	0	0	0	0	13	31	0	0	0	0	0	0
fsh-generated/resources/ValueSet-KomplikationerBehandlingDEGC.json	1985	1	0	0	0	0	0	0	1	3	0	0	0	0	0	0	0	0	0	0	15	39	0	0	0	0	0	0
fsh-generated/resources/ValueSet-KomplikationerDKRR.json	1266	2	0	0	0	0	0	0	0	3	0	0	0	0	0	0	0	0	0	0	13	32	0	0	0	1	0	0
fsh-generated/resources/ValueSet-KomplikationerEndovaskulaerSAH.json	1194	1	0	0	0	0	0	0	0	3	0	0	0	0	0	0	0	0	0	0	12	31	0	0	0	0	0	0
fsh-generated/resources/ValueSet-KomplikationerKirurgiskSAH.json	987	2	0	0	0	0	0	0	0	2	0	0	0	0	0	0	0	0	0	0	11	28	0	0	0	0	0	0
fsh-generated/resources/ValueSet-KomplikationerPeroperativeDHR.json	825	1	0	0	1	0	0	0	0	3	0	0	0	0	0	0	0	0	0	0	11	41	0	0	0	0	0	0
fsh-generated/resources/ValueSet-KomplikationerPeroperativeDKR.json	1313	2	0	0	0	0	0	0	0	3	0	0	0	0	0	0	0	0	0	0	14	31	0	0	0	0	0	0
fsh-generated/resources/ValueSet-KomplikationerVaskulaerDMPN.json	1278	1	0	0	0	0	0	0	0	3	0	0	0	0	0	0	0	0	0	0	12	35	0	0	0	0	0	0
fsh-generated/resources/ValueSet-KomponentAcetabulumDHR.json	6039	2	0	0	0	0	0	0	1	4	0	0	0	0	0	0	0	0	0	0	35	79	0	0	0	1	0	0
fsh-generated/resources/ValueSet-KomponentAcetabulumStatusDHR.json	1057	2	0	0	0	0	0	0	0	3	0	0	0	0	0	0	0	0	0	0	12	30	0	0	0	0	0	0
fsh-generated/resources/ValueSet-KomponentFemurDHR.json	5805	1	0	0	0	0	0	0	0	4	0	0	0	0	0	0	0	0	0	0	34	75	0	0	0	1	0	0
fsh-generated/resources/ValueSet-KomponentFemurDKR.json	8227	2	0	0	0	0	0	0	0	5	0	0	0	0	0	0	0	0	0	0	46	98	0	0	0	1	0	0
fsh-generated/resources/ValueSet-KomponentFemurDKRrevision.json	8385	2	0	0	0	0	0	0	1	9	0	0	0	0	0	0	0	0	0	0	47	99	0	1	0	1	0	0
fsh-generated/resources/ValueSet-KomponentFemurStatusDHR.json	1160	1	0	0	0	0	0	0	0	3	0	0	0	0	0	0	0	0	0	0	12	33	0	0	0	0	0	0
fsh-generated/resources/ValueSet-KomponentFemurStatusDKR.json	827	2	0	0	0	0	0	0	0	3	0	0	0	0	0	0	0	0	0	0	11	31	0	0	0	0	0	0
fsh-generated/resources/ValueSet-KomponentPatellaDKR.json	1017	1	0	0	0	0	0	0	0	3	0	0	0	0	0	0	0	0	0	0	12	29	0	0	0	2	0	0
fsh-generated/resources/ValueSet-KomponentPatellaDKRrevision.json	1286	2	0	0	0	0	0	0	0	2	0	0	0	0	0	0	0	0	0	0	12	33	0	0	0	0	0	0
fsh-generated/resources/ValueSet-KomponentPatellaMaterialeDKR.json	767	2	0	0	0	0	0	0	0	3	0	0	0	0	0	0	0	0	0	0	11	27	0	0	0	0	0	0
fsh-generated/resources/ValueSet-KomponentSupplementDKR.json	1428	1	0	0	0	0	0	0	0	3	0	0	0	0	0	0	0	0	0	0	13	34	0	0	0	1	0	0
fsh-generated/resources/ValueSet-KomponentTibiaDKR.json	8377	2	0	0	1	0	0	0	1	5	0	0	0	0	0	0	0	0	0	0	47	97	0	0	0	0	0	0
fsh-generated/resources/ValueSet-KomponentTibiaDKRrevision.json	8535	2	0	0	0	0	0	0	0	4	0	0	0	0	0	0	0	0	0	0	48	103	0	0	0	1	0	0
fsh-generated/resources/ValueSet-KomponentTibiaStatusDKR.json	1075	1	0	0	0	0	0	0	1	6	0	0	0	0	0	0	0	0	0	0	12	29	0	0	0	1	0	0
fsh-generated/resources/ValueSet-KomponentTypeDKR.json	818	2	0	0	0	0	0	0	0	6	0	0	0	0	0	0	0	0	0	0	11	28	0	0	0	0	0	0
fsh-generated/resources/ValueSet-KomponentTypeFemurDHR.json	1229	1	0	0	0	0	0	0	0	4	0	0	0	0	0	0	0	0	0	0	12	32	0	0	0	0	0	0
fsh-generated/resources/ValueSet-KomponentTypeHullerUdenhullerDHR.json	786	2	0	0	0	0	0	1	0	3	0	0	0	0	0	0	0	0	0	0	11	26	0	0	0	0	0	0
fsh-generated/resources/ValueSet-KonferenceDPD.json	987	1	0	0	0	0	0	0	0	3	0	0	0	0	0	0	0	0	0	0	12	32	0	0	0	0	0	0
fsh-generated/resources/ValueSet-KontaktPatient.json	729	2	0	0	0	0	0	0	0	3	0	0	0	0	0	0	0	0	0	0	10	26	0	0	0	0	0	0
fsh-generated/resources/ValueSet-KontaktSted.json	1045	1	0	0	0	0	0	0	0	2	0	0	0	0	0	0	0	0	0	0	12	30	0	0	0	1	0	0
fsh-generated/resources/ValueSet-KontaktType1.json	664	2	0	0	0	0	0	0	0	3	0	0	0	0	0	0	0	0	0	0	10	26	0	0	0	0	0	0
fsh-generated/resources/ValueSet-Kontamineringsgrad.json	897	1	0	0	0	0	0	0	0	3	0	0	0	0	0	0	0	0	0	0	11	29	0	0	0	0	0	0
fsh-generated/resources/ValueSet-KorsbaandEjBevaret.json	818	2	0	0	0	0	0	0	0	3	0	0	0	0	0	0	0	0	0	0	10	27	0	0	0	0	0	0
fsh-generated/resources/ValueSet-KursusregAarsag.json	929	2	0	0	0	0	0	0	0	3	0	0	0	0	0	0	0	0	0	0	12	28	0	0	0	0	0	0
fsh-generated/resources/ValueSet-LaryngoskopiDegree.json	1203	1	0	0	1	0	0	0	0	3	0	0	0	0	0	0	0	0	0	0	12	31	0	0	0	0	0	0
fsh-generated/resources/ValueSet-LedbaandsrekonstruktionDKRR.json	1499	2	0	0	0	0	0	0	1	3	0	0	0	0	0	0	0	0	0	0	13	38	0	0	0	0	0	0
fsh-generated/resources/ValueSet-LeftRight.json	633	1	0	0	0	0	0	0	0	3	0	0	0	0	0	0	0	0	0	0	10	28	0	0	0	1	0	0
fsh-generated/resources/ValueSet-LifeStatus.json	638	2	0	0	0	0	0	0	0	3	0	0	0	0	0	0	0	0	0	0	10	26	0	0	0	0	0	0
fsh-generated/resources/ValueSet-LimnavnDHDB.json	867	1	0	0	0	0	0	0	0	3	0	0	0	0	0	0	0	0	0	0	11	29	0	0	0	0	0	0
fsh-generated/resources/ValueSet-LinerCrosslinkedDHR.json	909	2	0	0	0	0	0	0	0	3	0	0	0	0	0	0	0	0	0	0	11	34	0	0	0	0	0	1
fsh-generated/resources/ValueSet-LinerMedPostDKR.json	1202	1	0	0	0	0	0	0	0	2	0	0	0	0	0	0	0	0	0	0	12	30	0	0	0	0	0	0
fsh-generated/resources/ValueSet-LinerUdenPostDKR.json	1183	2	0	0	0	0	0	0	0	3	0	0	0	0	0	0	0	0	0	0	12	30	0	0	0	0	0	0
fsh-generated/resources/ValueSet-LinertypeDHR.json	792	1	0	0	0	0	0	0	0	3	0	0	0	0	0	0	0	0	0	0	11	31	0	0	0	0	0	0
fsh-generated/resources/ValueSet-LipomHandlingDHDB.json	798	2	0	0	0	0	0	0	0	3	0	0	0	0	0	0	0	0	0	0	10	30	0	0	0	1	0	0
fsh-generated/resources/ValueSet-LocationExtranodalFemale.json	3633	2	0	0	0	0	0	0	1	4	0	0	0	0	0	0	0	0	0	0	21	89	0	0	0	0	0	0
fsh-generated/resources/ValueSet-LocationExtranodalMale.json	3446	1	0	0	0	0	0	0	0	3	0	0	0	0	0	0	0	0	0	0	20	60	0	0	0	0	0	0
fsh-generated/resources/ValueSet-LocationNodal.json	1848	2	0	0	1	0	0	0	0	3	0	0	0	0	0	0	0	0	0	0	14	40	0	0	0	0	0	0
fsh-generated/resources/ValueSet-LocationPriSecNodalFemale.json	4954	2	0	0	0	0	0	0	0	4	0	0	0	0	0	0	0	0	0	0	26	78	0	0	0	1	0	0
fsh-generated/resources/ValueSet-LocationPriSecNodalMale.json	4593	1	0	0	0	0	0	0	1	45	0	0	0	0	0	0	0	0	0	0	24	73	0	0	0	0	0	0
fsh-generated/resources/ValueSet-LokalBloedningDAP.json	893	2	0	0	0	0	0	0	0	4	0	0	0	0	0	0	0	0	0	0	12	31	0	0	0	1	0	0
fsh-generated/resources/ValueSet-LokalStraaleterapi.json	1022	1	0	0	0	0	0	0	0	3	0	0	0	0	0	0	0	0	0	0	12	39	0	0	0	0	0	0
fsh-generated/resources/ValueSet-LokalisationEsophagusDEGC.json	843	2	0	0	0	0	0	0	0	3	0	0	0	0	0	0	0	0	0	0	11	32	1	0	0	0	0	0
fsh-generated/resources/ValueSet-LokalitetDANARREST.json	1383	2	0	0	0	0	0	0	0	3	0	0	0	0	0	0	0	0	0	0	13	35	0	0	0	0	0	0
fsh-generated/resources/ValueSet-LokationAneurismeSAH.json	2095	1	0	0	0	0	0	0	0	3	0	0	0	0	0	0	0	0	0	0	16	39	0	0	0	0	0	0
fsh-generated/resources/ValueSet-LokationLymphomas.json	718	2	0	0	0	0	0	0	0	2	0	0	0	0	0	0	0	0	0	0	10	25	0	0	0	0	0	0
fsh-generated/resources/ValueSet-LuftvejForsoeg.json	1443	1	0	0	0	0	0	0	0	3	0	0	0	0	0	0	0	0	0	0	13	33	0	0	0	1	0	0
fsh-generated/resources/ValueSet-LuftvejsHaandtering.json	1164	2	0	0	0	0	0	0	1	3	0	0	0	0	0	0	0	0	0	0	12	59	0	0	0	0	0	0
fsh-generated/resources/ValueSet-Luftvejsplan.json	1546	2	0	0	0	0	0	0	0	3	0	0	0	0	0	0	0	0	0	0	14	39	0	0	0	0	0	0
fsh-generated/resources/ValueSet-LukningHudDHDB.json	1025	1	0	0	1	0	0	0	0	3	0	0	0	0	0	0	0	0	0	0	12	29	0	0	0	0	0	0
fsh-generated/resources/ValueSet-MComponentTypeDAMYDA.json	1702	2	0	0	0	0	0	0	0	3	0	0	0	0	0	0	0	0	0	0	14	43	0	0	0	0	0	0
fsh-generated/resources/ValueSet-MComponentTypeLyfo.json	1184	1	0	0	0	0	0	0	0	3	0	0	0	0	0	0	0	0	0	0	13	37	0	0	0	0	0	0
fsh-generated/resources/ValueSet-MDTIkkeFulgt.json	994	2	0	0	0	0	0	0	0	2	0	0	0	0	0	0	0	1	0	0	11	33	0	0	0	1	0	0
fsh-generated/resources/ValueSet-MKategoriDCCG.json	929	1	0	0	0	0	0	0	0	3	0	0	0	0	0	0	0	0	0	0	11	30	0	0	0	0	0	0
fsh-generated/resources/ValueSet-MKomponentLaboratoriesvar.json	918	2	0	0	0	0	0	0	0	3	0	0	0	0	0	0	0	0	0	0	11	33	0	0	0	0	0	0
fsh-generated/resources/ValueSet-MLInstabilitetDKR.json	853	1	0	0	0	0	0	0	0	2	0	0	0	0	0	0	0	0	0	0	11	33	0	0	0	0	0	0
fsh-generated/resources/ValueSet-MTICIReperfusionsgrad.json	1106	2	0	0	0	0	0	0	0	3	0	0	0	0	0	0	0	0	0	0	13	30	0	0	0	0	0	0
fsh-generated/resources/ValueSet-MaaleEnhedHAEMA2.json	728	2	0	0	0	0	0	0	0	3	0	0	0	0	0	0	0	0	0	0	10	26	0	0	0	0	0	0
fsh-generated/resources/ValueSet-MaaleEnhedHAEMA3.json	720	1	0	0	0	0	0	0	1	3	0	0	0	0	0	0	0	0	0	0	10	25	0	1	0	1	0	0
fsh-generated/resources/ValueSet-MaaleudstyrDKRR.json	897	2	0	0	0	0	0	0	0	3	0	0	0	0	0	0	0	0	0	0	12	27	0	0	0	0	0	0
fsh-generated/resources/ValueSet-MaalingCalcium.json	682	1	0	0	0	0	0	0	0	2	0	0	0	0	0	0	0	0	0	0	10	31	0	0	0	0	0	0
fsh-generated/resources/ValueSet-Maengder.json	832	2	0	0	1	0	0	0	0	3	0	0	0	0	0	0	0	0	0	0	10	29	0	0	0	0	0	0
fsh-generated/resources/ValueSet-ManglendeBehandling.json	1298	1	0	0	0	0	0	0	0	3	0	0	0	0	0	0	0	0	0	0	14	33	0	0	0	0	0	0
fsh-generated/resources/ValueSet-ManglendeEORTC.json	996	2	0	0	0	0	0	0	0	3	0	0	0	0	0	0	0	0	0	0	11	29	0	0	0	0	0	0
fsh-generated/resources/ValueSet-ManglendeVisitation.json	1292	1	0	0	0	0	0	0	0	3	0	0	0	0	0	0	0	0	0	0	14	31	0	0	0	0	0	0
fsh-generated/resources/ValueSet-MedicalScanningTypes.json	1192	2	0	0	0	0	0	0	0	3	0	0	0	0	0	0	0	0	0	0	13	32	0	0	0	1	0	0
fsh-generated/resources/ValueSet-MedicalScanningTypes202412.json	1129	2	0	0	0	0	0	0	0	3	0	0	0	0	0	0	0	0	0	0	13	30	0	0	0	0	0	0
fsh-generated/resources/ValueSet-MedicinDANARREST.json	726	1	0	0	0	0	0	0	0	2	0	0	0	0	0	0	0	0	0	0	11	26	0	0	0	0	0	0
fsh-generated/resources/ValueSet-MedicinPraeparatDSR.json	1194	2	0	0	0	0	0	0	0	5	0	0	0	0	0	0	0	0	0	0	12	31	0	0	0	0	0	0
fsh-generated/resources/ValueSet-MedicinVarighedDSR.json	873	1	0	0	0	0	0	0	1	3	0	0	0	0	0	0	0	0	0	0	11	29	0	0	0	0	0	0
fsh-generated/resources/ValueSet-MedicinalBehandlingPaabegyndtDHR.json	1188	2	0	0	0	0	0	0	0	3	0	0	0	0	0	0	0	0	0	0	33	29	0	0	0	0	0	0
fsh-generated/resources/ValueSet-MenisklaesionBehandlingDKRR.json	1044	1	0	0	0	0	0	0	0	3	0	0	0	0	0	0	0	0	0	0	13	29	0	0	0	1	0	0
fsh-generated/resources/ValueSet-MenisklaesionMedialLateralDKRR.json	751	2	0	0	0	0	0	0	0	2	0	0	0	0	0	0	0	0	0	0	10	26	0	0	0	0	0	0
fsh-generated/resources/ValueSet-MenisklaesionTypeDKRR.json	798	1	0	0	1	0	0	0	0	3	0	0	0	0	0	0	0	0	0	0	11	27	0	0	0	0	0	0
fsh-generated/resources/ValueSet-MeshFikseringDHDB.json	1579	2	0	0	0	0	0	0	0	3	0	0	0	0	0	0	0	0	0	0	17	36	0	0	0	0	0	0
fsh-generated/resources/ValueSet-MeshPlaceringDHDB.json	1313	2	0	0	0	0	0	0	0	6	0	0	0	0	0	0	0	0	0	0	13	32	0	0	0	0	0	0
fsh-generated/resources/ValueSet-MeshTeknikDHDB.json	1012	1	0	0	0	0	0	0	0	6	0	0	0	0	0	0	0	0	0	0	12	31	0	0	0	0	0	0
fsh-generated/resources/ValueSet-MeshTypeIngvinalhernieDHDB.json	4284	2	0	0	0	0	0	0	1	7	0	0	0	0	0	0	0	0	0	0	24	72	0	0	0	1	0	0
fsh-generated/resources/ValueSet-MeshTypeVentralhernieDHDB.json	5111	1	0	0	0	0	0	0	0	7	0	0	0	0	0	0	0	0	0	0	28	78	0	0	0	0	0	0
fsh-generated/resources/ValueSet-ModifiedRaymondRoyKlassification.json	1084	2	0	0	0	0	0	0	0	4	0	0	0	0	0	0	0	0	0	0	12	29	0	0	0	0	0	0
fsh-generated/resources/ValueSet-MolecularRemission.json	768	2	0	0	0	0	0	0	0	3	0	0	0	0	0	0	0	0	0	0	11	28	0	0	0	1	0	0
fsh-generated/resources/ValueSet-MolecurlarBiologyExamination.json	977	1	0	0	0	0	0	0	0	3	0	0	0	0	0	0	0	0	0	0	12	30	0	0	0	0	0	0
fsh-generated/resources/ValueSet-MorsDiagnoseForskelligtDNSL.json	1773	2	0	0	0	0	0	0	0	2	0	0	0	0	0	0	0	0	0	0	15	35	0	0	0	0	0	0
fsh-generated/resources/ValueSet-MorsDiagnoseInfektionerDNSL.json	1704	1	0	0	0	0	0	0	0	3	0	0	0	0	0	0	0	0	0	0	13	33	0	0	0	0	0	0
fsh-generated/resources/ValueSet-MorsDiagnoseKardialDNSL.json	1460	2	0	0	0	0	0	0	0	3	0	0	0	0	0	0	0	0	0	0	14	32	0	0	0	0	0	0
fsh-generated/resources/ValueSet-MorsDiagnoseLeverDNSL.json	1397	1	0	0	1	0	0	0	0	3	0	0	0	0	0	0	0	0	0	0	13	31	0	0	0	0	0	0
fsh-generated/resources/ValueSet-MorsDiagnoseSocialtDNSL.json	768	2	0	0	0	0	0	0	0	3	0	0	0	0	0	0	0	0	0	0	17	26	0	0	0	1	0	0
fsh-generated/resources/ValueSet-MorsDiagnoseUlykkeDNSL.json	823	1	0	0	0	0	0	0	0	2	0	0	0	0	0	0	0	0	0	0	10	26	0	0	0	0	0	0
fsh-generated/resources/ValueSet-MorsDiagnoseVaskulaerDNSL.json	1664	2	0	0	0	0	0	0	1	3	0	0	0	0	0	0	0	0	0	0	14	33	0	0	0	0	0	0
fsh-generated/resources/ValueSet-MorsDiagnosegrupper.json	1310	2	0	0	0	0	0	0	0	3	0	0	0	0	0	0	0	0	0	0	13	32	0	0	0	0	0	0
fsh-generated/resources/ValueSet-MuligVanskeligUmulig.json	796	1	0	0	0	0	0	0	0	3	0	0	0	0	0	0	0	0	0	0	11	28	0	0	0	0	0	0
fsh-generated/resources/ValueSet-NIHSS10Dysartri.json	1056	26	0	0	0	0	0	0	0	3	0	0	1	0	0	0	0	0	0	0	13	30	0	0	0	0	0	0
fsh-generated/resources/ValueSet-NIHSS11EkstinktionInattention.json	1146	1	0	0	0	0	0	0	0	3	0	0	0	0	0	0	0	0	0	0	12	29	0	0	0	0	0	0
fsh-generated/resources/ValueSet-NIHSS1aBevidsthedsniveau.json	1051	2	0	0	0	0	0	0	0	3	0	0	0	0	0	0	0	0	0	0	12	28	0	0	0	1	0	0
fsh-generated/resources/ValueSet-NIHSS1bBevidsthedsniveau.json	919	1	0	0	0	0	0	0	0	3	0	0	0	0	0	0	0	0	0	0	12	28	0	0	0	0	0	0
fsh-generated/resources/ValueSet-NIHSS1cBevidsthedsniveau.json	929	2	0	0	0	0	0	0	0	3	0	0	0	0	0	0	0	0	0	0	11	27	0	0	0	0	0	0
fsh-generated/resources/ValueSet-NIHSS2Blik.json	868	2	0	0	1	0	0	0	0	3	0	0	0	0	0	0	0	0	0	0	10	28	0	0	0	0	0	0
fsh-generated/resources/ValueSet-NIHSS3Synsfelt.json	975	1	0	0	0	0	0	0	0	2	0	0	0	0	0	0	0	0	0	0	16	30	0	0	0	0	0	0
fsh-generated/resources/ValueSet-NIHSS4Facialisparese.json	1173	2	0	0	0	0	0	0	0	3	0	0	0	0	0	0	0	0	0	0	19	28	0	0	0	0	0	0
fsh-generated/resources/ValueSet-NIHSS5FunktionArm.json	1215	1	0	0	0	0	0	0	0	3	0	0	0	0	0	0	0	0	0	0	18	32	0	0	0	1	0	0
fsh-generated/resources/ValueSet-NIHSS6FunktionBen.json	1215	2	0	0	0	0	0	0	0	3	0	0	0	0	0	0	0	0	0	0	18	30	0	0	0	0	0	0
fsh-generated/resources/ValueSet-NIHSS7Ataksi.json	858	1	0	0	0	0	0	0	0	2	0	0	0	0	0	0	0	0	0	0	12	27	0	0	0	0	0	0
fsh-generated/resources/ValueSet-NIHSS8Sensibilitet.json	987	2	0	0	0	0	1	0	0	3	0	0	0	0	0	0	0	0	0	0	12	28	0	0	0	0	0	0
fsh-generated/resources/ValueSet-NIHSS9Sprog.json	971	2	0	0	0	0	0	0	0	3	0	0	0	0	0	0	0	0	0	0	13	28	0	0	0	0	0	0
fsh-generated/resources/ValueSet-NKategoriDCCG.json	961	1	0	0	0	0	0	0	0	3	0	0	0	0	0	0	0	0	0	0	12	29	0	0	0	0	0	0
fsh-generated/resources/ValueSet-NYHA.json	842	2	0	0	0	0	0	0	0	3	0	0	0	0	0	0	0	0	0	0	12	28	0	0	0	1	0	0
fsh-generated/resources/ValueSet-NeoadjuverendeBehandling.json	1036	1	0	0	0	0	0	0	0	12	0	0	0	0	0	0	0	0	0	0	12	31	0	0	0	0	0	0
fsh-generated/resources/ValueSet-NerveBlockTypeLower.json	1716	2	0	0	1	0	0	0	0	6	0	0	0	0	0	0	0	0	0	0	20	37	0	0	0	0	0	0
fsh-generated/resources/ValueSet-NerveBlockTypeOther.json	1349	2	0	0	0	0	0	0	1	6	0	0	0	0	0	0	0	0	0	0	13	32	0	0	0	0	0	0
fsh-generated/resources/ValueSet-NerveBlockTypeUpper.json	1764	1	0	0	0	0	0	0	0	7	0	0	0	0	0	0	0	0	0	0	14	40	0	0	0	0	0	0
fsh-generated/resources/ValueSet-ObservationAfdeling.json	733	2	0	0	0	0	0	0	0	5	0	0	0	0	0	0	0	0	0	0	11	43	0	0	0	0	0	0
fsh-generated/resources/ValueSet-ObservationPatient.json	837	2	0	0	0	0	0	0	0	4	0	0	0	0	0	0	0	0	0	0	20	31	0	0	0	0	0	0
fsh-generated/resources/ValueSet-ObservationsstedAN.json	1132	1	0	0	0	0	0	0	0	3	0	0	0	0	0	0	0	0	0	0	13	38	0	0	0	1	0	0
fsh-generated/resources/ValueSet-ObservationsstedPO.json	872	2	0	0	0	0	0	0	0	3	0	0	0	0	0	0	0	0	0	0	11	48	0	0	0	0	0	0
fsh-generated/resources/ValueSet-OnkologiBehandlingsintention.json	760	1	0	0	0	0	0	0	0	3	0	0	0	0	0	0	0	0	0	0	11	40	0	1	0	0	0	0
fsh-generated/resources/ValueSet-OnkologibehandlingerAll.json	821	2	0	0	0	0	0	0	0	3	0	0	0	0	0	0	0	0	0	0	11	31	0	0	0	0	0	0
fsh-generated/resources/ValueSet-OnkologibehandlingerKurativ.json	1016	1	0	0	0	0	0	0	0	3	0	0	0	0	0	0	0	0	0	0	12	32	0	0	0	0	0	0
fsh-generated/resources/ValueSet-OperationDanmarkUdlandetDHR.json	751	2	0	0	0	0	0	0	0	3	0	0	0	0	0	0	0	0	0	0	11	28	0	0	0	0	0	0
fsh-generated/resources/ValueSet-OperationIkkeGennemfortDCCG.json	1574	2	0	0	0	0	0	0	0	3	0	0	0	0	0	0	0	0	0	0	15	39	0	0	0	1	0	0
fsh-generated/resources/ValueSet-OperationKanalAntalDKRR.json	721	1	0	0	1	0	0	0	0	2	0	0	0	0	0	0	0	0	0	0	10	30	0	0	0	0	0	0
fsh-generated/resources/ValueSet-OperationKanalFemurPlaceringDKRR.json	780	2	0	0	0	0	0	0	0	3	0	0	0	0	0	0	0	0	0	0	11	27	0	0	0	0	0	0
fsh-generated/resources/ValueSet-OperationerAktuelDKRR.json	1039	1	0	0	0	0	0	0	0	7	0	0	0	0	0	0	0	0	0	0	12	29	0	0	0	0	0	0
fsh-generated/resources/ValueSet-OperationerDKRR.json	1638	2	0	0	0	0	0	0	0	4	0	0	0	0	0	0	0	0	0	0	16	42	0	0	0	0	0	0
fsh-generated/resources/ValueSet-Operationserfaring.json	1069	2	0	0	0	0	0	0	0	2	0	0	0	0	0	0	0	0	0	0	12	35	0	0	0	0	0	0
fsh-generated/resources/ValueSet-OperationspaaklaedningDHR.json	963	1	0	0	0	0	0	0	0	3	0	0	0	0	0	0	0	0	0	0	13	29	0	0	0	1	0	1
fsh-generated/resources/ValueSet-OperationssaarInfektionKAR.json	880	2	0	0	0	0	0	0	0	3	0	0	0	0	0	0	0	0	0	0	12	27	0	0	0	0	0	0
fsh-generated/resources/ValueSet-OperationssaarKomplikationerKAR.json	1253	1	0	0	0	0	0	0	0	3	0	0	0	0	0	0	0	0	0	0	14	30	0	0	0	0	0	0
fsh-generated/resources/ValueSet-Operationsside.json	675	2	0	0	0	0	0	0	1	2	0	0	0	0	0	0	0	0	0	0	10	27	0	0	0	0	0	0
fsh-generated/resources/ValueSet-OperationssideHoejreVenstreDobbeltsidig.json	878	2	0	0	0	0	0	0	0	3	0	0	0	0	0	0	0	0	0	0	11	28	0	0	0	0	0	0
fsh-generated/resources/ValueSet-OperationssideKAR.json	922	1	0	0	0	0	0	0	0	3	0	0	0	0	0	0	0	0	0	0	12	29	0	0	0	0	0	0
fsh-generated/resources/ValueSet-OperationsstueDKR.json	707	2	0	0	1	0	0	0	0	3	0	0	0	0	0	0	0	0	0	0	10	28	0	0	0	0	0	0
fsh-generated/resources/ValueSet-OperationsstueFlowKonventionel.json	878	1	0	0	0	0	0	0	0	2	0	0	0	0	0	0	0	0	0	0	11	29	0	0	0	0	0	0
fsh-generated/resources/ValueSet-OperationstypeFoersteRecidiv.json	774	2	0	0	0	0	0	0	0	3	0	0	0	0	0	0	0	0	0	0	10	27	0	0	0	1	0	0
fsh-generated/resources/ValueSet-OperationstypeLYFO.json	1170	1	0	0	0	0	0	0	0	3	0	0	0	0	0	0	0	0	0	0	12	31	0	0	0	0	0	0
fsh-generated/resources/ValueSet-OperationstypePrimaerRevision.json	743	2	0	0	0	0	0	0	0	3	0	0	0	0	0	0	0	0	0	0	10	28	0	0	1	0	0	0
fsh-generated/resources/ValueSet-OperationstypePrimaerSekundaer.json	750	2	0	0	0	0	0	0	0	3	0	0	0	0	0	0	0	0	0	0	11	49	0	0	0	0	0	0
fsh-generated/resources/ValueSet-OperativAdgangDKR.json	728	1	0	0	0	0	0	0	0	2	0	0	0	0	0	0	0	0	0	0	10	38	0	0	0	0	0	0
fsh-generated/resources/ValueSet-OperativProcedureKategoriDCCG.json	1304	2	0	0	0	0	0	0	0	3	0	0	0	0	0	0	0	0	0	0	13	28	0	0	0	0	0	0
fsh-generated/resources/ValueSet-OperativProcedureKategoriKolonDCCG.json	1203	1	0	0	0	0	0	0	0	3	0	0	0	0	0	0	0	0	0	0	13	31	0	0	0	1	0	0
fsh-generated/resources/ValueSet-OperativProcedureKategoriRektumDCCG.json	1339	2	0	0	0	0	0	0	0	3	0	0	0	0	0	0	0	0	0	0	13	33	0	0	0	0	0	0
fsh-generated/resources/ValueSet-OperativeAdgangDHR.json	910	2	0	0	0	0	0	0	0	3	0	0	0	0	0	0	0	0	0	0	12	41	0	0	0	0	0	0
fsh-generated/resources/ValueSet-OperativtFundIngvinalhernieDHDB.json	985	1	0	0	0	0	0	0	0	3	0	0	0	0	0	0	0	0	0	0	11	43	0	0	0	0	0	0
fsh-generated/resources/ValueSet-OperativtSigteDCCG.json	813	2	0	0	1	0	0	0	0	3	0	0	0	0	0	0	0	0	0	0	11	35	0	0	0	0	0	0
fsh-generated/resources/ValueSet-OpkodeGenitalProlapsDUGA.json	4592	1	0	0	0	0	0	0	0	3	0	0	0	0	0	0	0	1	0	0	26	69	0	0	0	1	0	0
fsh-generated/resources/ValueSet-OpkodeUrinGenitalDUGA.json	5290	2	0	0	0	0	0	0	1	4	0	0	0	0	0	0	0	0	0	0	28	70	0	0	0	0	0	0
fsh-generated/resources/ValueSet-OpkodeUrinInkontinensDUGA.json	2260	2	0	0	0	0	0	0	0	3	0	0	0	0	0	0	0	0	0	0	17	41	0	0	0	0	0	0
fsh-generated/resources/ValueSet-OsteotomiTypeAlmindeligExtendedDHR.json	785	1	0	0	0	0	0	0	0	3	0	0	0	0	0	0	0	0	0	0	11	27	0	0	0	1	0	0
fsh-generated/resources/ValueSet-POPQAaApDUGA.json	1562	2	0	0	0	0	0	0	0	3	0	0	0	0	0	0	0	0	0	0	13	39	0	0	0	0	0	0
fsh-generated/resources/ValueSet-POPQBaDUGA.json	2498	2	0	0	0	0	0	0	0	3	0	0	0	0	0	0	0	0	0	0	16	55	0	0	0	0	0	0
fsh-generated/resources/ValueSet-POPQBpDUGA.json	2182	1	0	0	0	0	0	0	0	3	0	0	0	0	0	0	0	0	0	0	15	50	0	0	0	0	0	0
fsh-generated/resources/ValueSet-POPQCDDUGA.json	3085	2	0	0	0	0	0	0	0	3	0	0	0	0	0	0	0	0	0	0	19	63	0	0	0	0	0	0
fsh-generated/resources/ValueSet-POPQGhDUGA.json	1303	2	0	0	0	0	0	0	0	3	0	0	0	0	0	0	0	0	0	0	12	36	0	0	0	1	0	0
fsh-generated/resources/ValueSet-POPQKompartmentDUGA.json	943	1	0	0	0	0	0	0	0	2	0	0	0	0	0	0	0	0	0	0	14	30	0	0	0	0	0	0
fsh-generated/resources/ValueSet-POPQPbDUGA.json	1222	2	0	0	1	0	0	0	0	3	0	0	0	0	0	0	0	0	0	0	12	35	0	0	0	0	0	0
fsh-generated/resources/ValueSet-POPQTvlDUGA.json	1715	1	0	0	0	0	0	0	1	3	0	0	0	0	0	0	0	0	0	0	14	41	0	0	0	0	0	0
fsh-generated/resources/ValueSet-PRDcodes.json	38526	3	0	0	0	0	0	0	1	13	0	0	0	0	0	0	0	0	0	0	158	376	0	0	0	5	0	0
fsh-generated/resources/ValueSet-PTNMtype.json	636	2	0	0	0	0	0	0	0	3	0	0	0	0	0	0	0	0	0	0	10	27	0	0	0	1	0	0
fsh-generated/resources/ValueSet-PaavirkningPaagaaendeRETSPSYK.json	1366	1	0	0	0	0	0	0	0	3	0	0	0	0	0	0	0	0	0	0	13	33	0	0	0	0	0	0
fsh-generated/resources/ValueSet-PaavirkningRETSPSYK.json	1222	2	0	0	0	0	0	0	0	3	0	0	0	0	0	0	0	0	0	0	13	31	0	0	0	0	0	0
fsh-generated/resources/ValueSet-ParagrafferRETSPSYK.json	6749	2	0	0	0	0	0	0	0	4	0	0	0	0	0	0	0	0	0	0	33	91	0	0	0	1	0	0
fsh-generated/resources/ValueSet-PatobankSNOMEDCytogenetikMDS.json	2244	1	0	0	0	0	0	0	0	2	0	0	0	0	0	0	0	0	0	0	17	64	0	0	0	1	0	0
fsh-generated/resources/ValueSet-PatobankSNOMEDDMPNDiagnose.json	1476	2	0	0	0	0	0	0	0	3	0	0	0	0	0	0	0	0	0	0	14	37	0	0	0	0	0	0
fsh-generated/resources/ValueSet-PatobankSNOMEDDiagnoserLYFO.json	5832	2	0	0	0	0	0	0	1	4	0	0	0	0	0	0	0	0	0	0	30	88	0	1	0	1	0	0
fsh-generated/resources/ValueSet-PatobankSNOMEDLeukemiaDiagnose.json	3211	1	0	0	0	0	0	0	0	4	0	0	0	0	0	0	0	0	0	0	19	69	0	0	0	0	0	0
fsh-generated/resources/ValueSet-PatobankSNOMEDMDSDiagnose.json	1344	2	0	0	0	0	0	0	0	3	0	0	0	0	0	0	0	0	0	0	13	35	0	0	0	1	0	0
fsh-generated/resources/ValueSet-PatobankSNOMEDpTNMpM.json	742	1	0	0	1	0	0	0	0	2	0	0	0	0	0	0	0	0	0	0	10	27	0	0	0	0	0	0
fsh-generated/resources/ValueSet-PatobankSNOMEDpTNMpN.json	1219	2	0	0	0	0	0	0	0	3	0	0	0	0	0	0	0	0	0	0	12	32	0	0	0	0	0	0
fsh-generated/resources/ValueSet-PatobankSNOMEDpTNMpT.json	1602	1	0	0	0	0	0	0	0	3	0	0	0	0	0	0	0	0	0	0	13	37	0	0	0	0	0	0
fsh-generated/resources/ValueSet-PerforationDUGA.json	953	2	0	0	0	0	0	0	0	3	0	0	0	0	0	0	0	0	0	0	12	27	0	0	0	0	0	0
fsh-generated/resources/ValueSet-PerioderMK.json	659	2	0	0	0	0	0	0	0	5	0	0	0	0	0	0	0	0	0	0	9	29	0	0	0	1	0	0
fsh-generated/resources/ValueSet-PeritonealdefektLukningDHDB.json	1330	1	0	0	0	0	0	0	0	8	0	0	0	0	0	0	0	0	0	0	14	36	0	0	0	0	0	0
fsh-generated/resources/ValueSet-PeroperativMetastasebehandling.json	1104	2	0	0	0	0	0	0	0	3	0	0	0	0	0	0	0	0	0	0	13	29	0	0	0	0	0	0
fsh-generated/resources/ValueSet-PivotShift.json	820	1	0	0	0	0	0	0	0	2	0	0	0	0	0	0	0	0	0	0	10	30	0	0	0	0	0	0
fsh-generated/resources/ValueSet-PlasmaDiagnose.json	1432	2	0	0	0	0	0	0	0	3	0	0	0	0	0	0	0	0	0	0	14	38	0	0	0	1	0	0
fsh-generated/resources/ValueSet-PlasmaDiagnose202412.json	1226	2	0	0	0	0	0	0	0	3	0	0	0	0	0	0	0	0	0	0	12	35	0	0	0	0	0	0
fsh-generated/resources/ValueSet-PostoperativeKomplikationerDCCG.json	1363	1	0	0	0	0	0	0	0	3	0	0	0	0	0	0	0	0	0	0	13	32	0	0	0	0	0	0
fsh-generated/resources/ValueSet-PraeoperativMetastaseBehandlingDCCG.json	965	2	0	0	1	0	0	0	0	3	0	0	0	0	0	0	0	0	1	0	12	28	0	0	0	0	0	0
fsh-generated/resources/ValueSet-PraeoperativPlanlaegningDSR.json	1439	1	0	0	0	0	0	0	0	3	0	0	0	0	0	0	0	0	0	0	13	34	0	0	0	1	0	0
fsh-generated/resources/ValueSet-PraeoperativUdrensningDCCG.json	1037	2	0	0	0	0	0	0	1	3	0	0	0	0	0	0	0	0	0	0	13	29	0	0	0	0	0	0
fsh-generated/resources/ValueSet-PreoperativTemplating.json	878	2	0	0	0	0	0	0	0	2	0	0	0	0	0	0	0	0	0	0	11	27	0	0	0	0	0	0
fsh-generated/resources/ValueSet-Priority.json	856	1	0	0	0	0	0	0	0	3	0	0	0	0	0	0	0	0	0	0	11	29	0	0	0	0	0	0
fsh-generated/resources/ValueSet-ProcedureIkkeGennemfortDCCG.json	1299	2	0	0	0	0	0	0	0	3	0	0	0	0	0	0	0	0	0	0	12	42	0	0	0	1	0	0
fsh-generated/resources/ValueSet-ProcedureTypeDCCG1.json	813	1	0	0	0	0	0	0	0	3	0	0	0	0	0	0	0	0	0	0	11	30	0	0	0	0	0	0
fsh-generated/resources/ValueSet-ProcedureTypeDCCG2.json	1048	2	0	0	0	0	0	0	0	2	0	0	0	0	0	0	0	0	0	0	12	36	0	0	0	0	0	0
fsh-generated/resources/ValueSet-ProcedureTypeDCCG3.json	880	2	0	0	0	0	0	0	0	3	0	0	0	0	0	0	0	0	0	0	11	28	0	0	0	0	0	0
fsh-generated/resources/ValueSet-ProcedureUdfoertDCCG.json	5210	1	0	0	0	0	0	0	0	4	0	0	0	0	0	0	0	0	0	0	28	83	0	0	0	1	0	0
fsh-generated/resources/ValueSet-ProcedureUdfoertK1DCCG.json	2848	2	0	0	1	0	0	0	0	3	0	0	0	0	0	0	0	0	0	0	19	47	0	0	0	0	0	0
fsh-generated/resources/ValueSet-ProcedureUdfoertK2DCCG.json	1112	2	0	0	0	0	0	0	0	3	0	0	0	0	0	0	0	0	0	0	12	30	0	0	0	1	0	0
fsh-generated/resources/ValueSet-ProcedureUdfoertK3DCCG.json	1184	2	0	0	0	0	0	0	0	3	0	0	0	0	0	0	0	0	0	0	13	32	0	0	0	0	0	0
fsh-generated/resources/ValueSet-ProcedureUdfoertR1DCCG.json	1645	1	0	0	0	0	0	0	0	3	0	0	0	0	0	0	0	0	0	0	14	33	0	0	0	0	0	0
fsh-generated/resources/ValueSet-ProcedureUdfoertR2DCCG.json	1114	2	0	0	0	0	0	0	0	2	0	0	0	0	0	0	0	0	0	0	13	28	0	0	0	0	0	0
fsh-generated/resources/ValueSet-ProcedureUdfoertR3DCCG.json	1184	2	0	0	0	0	0	0	1	3	0	0	0	0	0	0	0	1	0	0	12	31	0	0	0	0	0	0
fsh-generated/resources/ValueSet-ProcedureUdfoertR4DCCG.json	896	1	0	0	0	0	0	0	0	3	0	0	0	0	0	0	0	0	0	0	11	30	0	0	0	1	0	0
fsh-generated/resources/ValueSet-ProcedureVarighed15min.json	748	2	0	0	0	0	0	0	0	2	0	0	0	0	0	0	0	0	0	0	11	26	0	0	0	0	0	1
fsh-generated/resources/ValueSet-ProcedureVarighed5min.json	739	1	0	0	0	0	0	0	0	3	0	0	0	0	0	0	0	0	0	0	10	27	0	0	0	0	0	0
fsh-generated/resources/ValueSet-ProcedurerAndreDKRR.json	1564	2	0	0	0	0	0	0	0	3	0	0	0	0	0	0	0	0	0	0	14	36	0	0	0	0	0	0
fsh-generated/resources/ValueSet-ProgressionCML.json	889	2	0	0	1	0	0	0	0	3	0	0	0	0	0	0	0	0	0	0	12	28	0	0	0	0	0	0
fsh-generated/resources/ValueSet-ProteseDSR.json	4772	2	0	0	0	0	0	0	0	4	0	0	0	0	0	0	0	0	0	0	27	68	0	0	0	1	0	0
fsh-generated/resources/ValueSet-ProteseFjernelseDHR.json	729	1	0	0	0	0	0	0	0	2	0	0	0	0	0	0	0	0	0	0	11	30	0	0	0	0	0	0
fsh-generated/resources/ValueSet-ProtesestatusDHR.json	1321	2	0	0	0	0	0	0	0	3	0	0	0	0	0	0	0	0	0	0	13	34	0	0	0	1	0	0
fsh-generated/resources/ValueSet-Pupilforhold.json	692	2	0	0	0	0	0	0	0	3	0	0	0	0	0	0	0	0	0	0	10	25	0	0	0	0	0	0
fsh-generated/resources/ValueSet-RKlassifikation.json	823	1	0	0	0	0	0	0	0	3	0	0	0	0	0	0	0	0	0	0	10	25	0	1	0	0	0	0
fsh-generated/resources/ValueSet-RKlassifikationTilDegc.json	769	2	0	0	0	0	0	0	1	2	0	0	0	0	0	0	0	0	0	0	11	25	0	0	0	0	0	0
fsh-generated/resources/ValueSet-Radioimmunoterapi.json	970	2	0	0	0	0	0	0	0	6	0	0	0	0	0	0	0	0	0	0	11	27	0	0	0	0	0	0
fsh-generated/resources/ValueSet-RadiologicalBoneChanges.json	1149	1	0	0	0	0	0	0	0	5	0	0	0	0	0	0	0	0	0	0	13	29	0	0	0	0	0	0
fsh-generated/resources/ValueSet-RadiologicalBoneChanges202412.json	1037	2	0	0	0	0	0	0	0	3	0	0	0	0	0	0	0	0	0	0	12	26	0	0	0	1	0	0
fsh-generated/resources/ValueSet-ReferredForTraining.json	877	2	0	0	0	0	0	0	0	3	0	0	0	0	0	0	0	0	0	0	11	26	0	0	0	0	0	0
fsh-generated/resources/ValueSet-Regioner.json	931	1	0	0	1	0	0	0	0	3	0	0	0	0	0	0	0	0	0	0	11	29	0	0	0	0	0	0
fsh-generated/resources/ValueSet-RegistreringEksklusionHAEMA.json	3152	2	0	0	0	0	0	0	0	3	0	0	0	0	0	0	0	0	0	0	21	54	0	0	0	0	0	0
fsh-generated/resources/ValueSet-ReoperationAarsagDKRR.json	1406	1	0	0	0	0	0	0	0	3	0	0	0	0	0	0	0	0	0	0	13	34	0	0	0	1	0	0
fsh-generated/resources/ValueSet-ResektionUdfoerelseDCCG.json	1429	2	0	0	0	0	0	0	0	3	0	0	0	0	0	0	0	0	0	0	24	33	0	0	0	0	0	0
fsh-generated/resources/ValueSet-Resektionstype.json	1867	2	0	0	0	0	0	0	0	3	0	0	0	0	0	0	0	0	0	0	23	37	0	0	0	0	0	0
fsh-generated/resources/ValueSet-ResttumorGradering.json	968	1	0	0	0	0	0	0	0	3	0	0	0	0	0	0	0	0	0	0	18	30	0	0	0	1	0	0
fsh-generated/resources/ValueSet-Result.json	639	2	0	0	0	0	0	0	0	2	0	0	0	0	0	0	0	0	0	0	16	26	0	0	0	0	0	0
fsh-generated/resources/ValueSet-ResultTestFISH.json	886	1	0	0	0	0	0	0	0	3	0	0	0	0	0	0	0	0	0	0	18	29	0	0	0	0	0	0
fsh-generated/resources/ValueSet-RevisionAarsagDKRR.json	1640	2	0	0	0	0	0	0	1	3	0	0	0	0	0	0	0	0	0	0	23	35	0	0	0	0	0	0
fsh-generated/resources/ValueSet-RevisionDHR.json	985	2	0	0	0	0	0	0	0	3	0	0	0	0	0	0	0	0	0	0	17	31	0	0	0	0	0	0
fsh-generated/resources/ValueSet-RevisionHumerusCavitasDSR.json	731	1	0	0	0	0	0	0	0	3	0	0	0	0	0	0	0	0	0	0	16	28	0	0	0	1	0	0
fsh-generated/resources/ValueSet-RevisionHumerusKomponentDSR.json	941	2	0	0	1	0	0	0	0	2	0	0	0	0	0	0	0	0	0	0	17	44	0	0	0	0	0	0
fsh-generated/resources/ValueSet-RevisionIndikationAseptiskDSR.json	772	1	0	0	0	0	0	0	0	3	0	0	0	0	0	0	0	0	0	0	16	33	0	0	0	0	0	0
fsh-generated/resources/ValueSet-RevisionIndikationDHR.json	2389	2	0	0	0	0	0	0	0	3	0	0	0	0	0	0	0	0	0	0	25	47	0	0	0	0	0	0
fsh-generated/resources/ValueSet-RevisionIndikationDKR.json	2279	2	0	0	0	0	0	0	0	3	0	0	0	0	0	0	0	0	0	0	25	71	0	0	0	4	0	0
fsh-generated/resources/ValueSet-RevisionIndikationDSR.json	1729	1	0	0	0	0	0	0	0	3	0	0	0	0	0	0	0	0	0	0	15	41	0	0	0	0	0	0
fsh-generated/resources/ValueSet-RevisionStatusDKR.json	1610	2	0	0	0	0	0	0	0	5	0	0	0	0	0	0	0	0	0	0	15	40	0	0	0	0	0	0
fsh-generated/resources/ValueSet-RevisionUdskiftningDHR.json	1424	1	0	0	0	0	0	0	0	6	0	0	0	0	0	0	0	0	0	0	13	35	0	0	0	0	0	0
fsh-generated/resources/ValueSet-RevisionstypeDSR.json	1009	2	0	0	0	0	0	0	0	3	0	0	0	0	0	0	0	0	0	0	11	29	0	0	0	0	0	0
fsh-generated/resources/ValueSet-RisikofaktorerDMPN.json	1317	2	0	0	0	0	0	0	0	3	0	0	0	0	0	0	0	0	0	0	13	31	0	0	0	1	0	0
fsh-generated/resources/ValueSet-RisikovurderingRETSPSYK.json	1170	1	0	0	0	0	0	0	0	2	0	0	0	0	0	0	0	0	0	0	14	31	0	0	0	0	0	0
fsh-generated/resources/ValueSet-RobotDHDB.json	933	2	0	0	0	0	0	0	0	3	0	0	0	0	0	0	0	0	0	0	11	30	0	0	0	0	0	0
fsh-generated/resources/ValueSet-RobotDKR.json	827	1	0	0	1	0	0	0	0	3	0	0	0	0	0	0	0	0	0	0	10	28	0	0	0	0	0	0
fsh-generated/resources/ValueSet-Ryger8uger.json	898	2	0	0	0	0	0	0	0	5	0	0	0	0	0	0	0	0	0	0	11	27	0	0	0	0	0	0
fsh-generated/resources/ValueSet-Rygning.json	737	2	0	0	0	0	0	0	0	3	0	0	0	0	0	0	0	0	0	0	10	28	0	0	0	0	0	0
fsh-generated/resources/ValueSet-RygningDCCG.json	1016	1	0	0	0	0	0	0	1	3	0	0	0	0	0	0	0	0	0	0	12	29	0	0	0	1	0	0
fsh-generated/resources/ValueSet-Rytme1Obs.json	1038	2	0	0	0	0	0	0	0	2	0	0	0	0	0	0	0	0	0	0	11	33	0	0	0	0	0	0
fsh-generated/resources/ValueSet-RytmeAnalyseMetode.json	809	1	0	0	0	0	0	0	0	3	0	0	0	0	0	0	0	0	0	0	11	27	0	0	0	0	0	0
fsh-generated/resources/ValueSet-RytmeDefibrilleringMetode.json	938	2	0	0	0	0	0	0	0	3	0	0	0	0	0	0	0	0	0	0	11	28	0	0	0	0	0	0
fsh-generated/resources/ValueSet-SKSApopleksiDiagnoser.json	1124	2	0	0	0	0	0	0	0	2	0	0	0	0	0	0	0	0	0	0	12	30	0	0	0	0	0	0
fsh-generated/resources/ValueSet-SKSExtraModularDisease.json	1323	1	0	0	0	0	0	0	0	3	0	0	0	0	0	0	0	0	0	0	13	34	0	0	0	0	0	0
fsh-generated/resources/ValueSet-SKSOperationerKAR.json	7109	2	0	0	0	0	0	0	0	5	0	0	0	0	0	0	0	0	0	0	36	120	0	1	0	1	0	0
fsh-generated/resources/ValueSet-SKSSymptomatiskAsymptomatisk.json	750	2	0	0	0	0	0	0	0	5	0	0	0	0	0	0	0	0	0	0	11	26	0	0	0	0	0	0
fsh-generated/resources/ValueSet-SKSUdskrivningsdiagnoserTrombolyse.json	1723	1	0	0	1	0	0	0	0	3	0	0	0	0	0	0	0	0	0	0	14	33	0	0	0	0	0	0
fsh-generated/resources/ValueSet-SKSVentrikelEsophagus.json	755	2	0	0	0	0	0	0	0	3	0	0	0	0	0	0	0	0	0	0	10	25	0	0	0	1	0	0
fsh-generated/resources/ValueSet-SKScTNMcM.json	700	1	0	0	0	0	0	0	0	3	0	0	0	0	0	0	0	0	0	0	10	25	0	0	0	0	0	0
fsh-generated/resources/ValueSet-SKScTNMcN.json	1097	2	0	0	0	0	0	0	0	2	0	0	0	0	0	0	0	0	0	0	12	30	0	0	0	0	0	0
fsh-generated/resources/ValueSet-SKScTNMcT.json	1344	2	0	0	0	0	0	0	0	3	0	0	0	0	0	0	0	0	0	0	13	32	0	0	0	0	0	0
fsh-generated/resources/ValueSet-SKShjertesvigtDHD.json	1860	1	0	0	0	0	0	0	1	3	0	0	0	0	0	0	0	0	0	0	15	40	0	0	0	0	0	0
fsh-generated/resources/ValueSet-SORAfdelingerDNSL.json	2576	2	0	0	0	0	0	0	0	3	0	0	0	0	0	0	0	0	0	0	15	40	0	0	0	1	0	0
fsh-generated/resources/ValueSet-SORAfdelingerHaema.json	1384	1	0	0	0	0	0	0	0	3	0	0	0	0	0	0	0	0	0	0	14	35	0	0	0	0	0	0
fsh-generated/resources/ValueSet-SORAfdelingerUHDNSL.json	990	2	0	0	0	0	0	0	0	2	0	0	0	0	0	0	0	0	0	0	11	27	0	0	0	0	0	0
fsh-generated/resources/ValueSet-SORNeurokirurgiskeAfdelingerDAP.json	1042	2	0	0	0	0	0	0	0	3	0	0	0	0	0	0	0	0	0	0	12	29	0	0	0	0	0	0
fsh-generated/resources/ValueSet-SORNeurologiskeAfdelingerDAP.json	1006	1	0	0	1	0	0	0	0	3	0	0	0	0	0	0	0	0	0	0	12	30	0	0	0	0	0	0
fsh-generated/resources/ValueSet-SOROverflytningRETSPSYK.json	6011	2	0	0	0	0	0	0	0	4	0	0	0	0	0	0	0	0	0	0	33	82	0	0	0	1	0	0
fsh-generated/resources/ValueSet-SOROverflytningRETSPSYKHS.json	2219	2	0	0	0	0	0	0	0	3	0	0	0	0	0	0	0	0	0	0	16	40	0	0	0	0	0	0
fsh-generated/resources/ValueSet-SOROverflytningRETSPSYKMJ.json	6302	1	0	0	0	0	0	0	0	4	0	0	0	0	0	0	0	0	0	0	33	78	0	0	0	1	0	0
fsh-generated/resources/ValueSet-SOROverflytningRETSPSYKNJ.json	4391	2	0	0	0	0	0	0	1	3	0	0	0	0	0	0	0	0	0	0	24	67	0	0	0	0	0	0
fsh-generated/resources/ValueSet-SOROverflytningRETSPSYKSD.json	819	2	0	0	0	0	0	0	0	3	0	0	0	0	0	0	0	0	0	0	10	28	0	0	0	0	0	0
fsh-generated/resources/ValueSet-SOROverflytningRETSPSYKSJ.json	1797	2	0	0	0	0	0	0	0	3	0	0	0	0	0	0	0	0	0	0	15	38	0	0	0	1	0	0
fsh-generated/resources/ValueSet-SORTrombolyseenhedDAP.json	1907	2	0	0	0	0	0	0	0	3	0	0	0	0	0	0	0	0	0	0	16	38	0	0	0	0	0	0
fsh-generated/resources/ValueSet-SORafdSkema3Duga.json	10401	2	0	0	0	0	0	0	0	4	0	0	0	0	0	0	0	0	0	0	41	103	0	0	0	1	0	0
fsh-generated/resources/ValueSet-SSSArmloeft.json	1038	1	0	0	0	0	0	0	0	3	0	0	0	0	0	0	0	0	0	0	13	30	0	0	0	0	0	0
fsh-generated/resources/ValueSet-SSSBenloeft.json	1047	2	0	0	1	0	0	0	0	3	0	0	0	0	0	0	0	1	0	0	11	30	0	0	0	0	0	0
fsh-generated/resources/ValueSet-SSSBevidsthed.json	959	2	0	0	0	0	0	0	0	2	0	0	0	0	0	0	0	0	0	0	12	29	0	0	0	0	0	0
fsh-generated/resources/ValueSet-SSSFacialisparese.json	735	1	0	0	0	0	0	0	0	3	0	0	0	0	0	0	0	0	0	0	10	26	0	0	0	0	0	0
fsh-generated/resources/ValueSet-SSSGang.json	1014	2	0	0	0	0	0	0	0	3	0	0	0	0	0	0	0	0	0	0	11	30	0	0	0	0	0	0
fsh-generated/resources/ValueSet-SSSHaandtryk.json	934	1	0	0	0	0	0	0	0	2	0	0	0	0	0	0	0	0	0	0	12	29	0	0	0	0	0	0
fsh-generated/resources/ValueSet-SSSOejenmotorik.json	837	2	0	0	0	0	0	0	0	3	0	0	0	0	0	0	0	0	0	0	11	28	0	0	0	1	0	0
fsh-generated/resources/ValueSet-SSSOrientering.json	878	2	0	0	0	0	0	0	0	5	0	0	0	0	0	0	0	0	0	0	11	29	0	0	0	0	0	0
fsh-generated/resources/ValueSet-SSSTale.json	924	1	0	0	0	0	0	0	1	3	0	0	0	0	0	0	0	0	0	0	11	29	0	0	0	0	0	0
fsh-generated/resources/ValueSet-ScanningstyperCTMR.json	674	2	0	0	0	0	0	0	0	2	0	0	0	0	0	0	0	0	0	0	10	26	0	0	0	0	0	0
fsh-generated/resources/ValueSet-ScoreCentralBlock.json	967	1	0	0	0	0	0	0	0	3	0	0	0	0	0	0	0	0	0	0	11	29	0	0	0	0	0	0
fsh-generated/resources/ValueSet-ScoreTyperHOFTER.json	693	2	0	0	0	0	0	0	0	3	0	0	0	0	0	0	0	0	0	0	11	26	0	0	0	0	0	0
fsh-generated/resources/ValueSet-Skala.json	802	2	0	0	1	0	0	0	0	2	0	0	0	0	0	0	0	0	0	0	11	30	0	0	0	0	0	0
fsh-generated/resources/ValueSet-Skematype.json	678	1	0	0	0	0	0	0	0	3	0	0	0	0	0	0	0	0	0	0	10	27	0	0	0	0	0	0
fsh-generated/resources/ValueSet-SlyngeDUGA.json	1051	2	0	0	0	0	0	0	0	3	0	0	0	0	0	0	0	0	0	0	13	31	0	0	0	1	0	0
fsh-generated/resources/ValueSet-SmerteKvalme.json	813	1	0	0	0	0	0	0	0	2	0	0	0	0	0	0	0	0	0	0	10	30	0	0	0	0	0	0
fsh-generated/resources/ValueSet-Splenomegali.json	1209	2	0	0	0	0	0	0	0	3	0	0	0	0	0	0	0	0	0	0	13	31	0	0	0	0	0	0
fsh-generated/resources/ValueSet-Status.json	712	2	0	0	0	0	0	0	0	3	0	0	0	0	0	0	0	0	0	0	13	28	0	0	0	0	0	0
fsh-generated/resources/ValueSet-StemkarakteristikDSR.json	829	1	0	0	0	0	0	0	0	3	0	0	0	0	0	0	0	0	0	0	11	28	0	0	0	0	0	0
fsh-generated/resources/ValueSet-StemlaengdeDSR.json	797	2	0	0	0	0	0	0	0	2	0	0	0	0	0	0	0	0	0	0	10	49	0	0	0	0	0	0
fsh-generated/resources/ValueSet-StomiTypeDHDB.json	773	1	0	0	0	0	0	0	0	3	0	0	0	0	0	0	0	0	0	0	11	36	0	0	0	0	0	0
fsh-generated/resources/ValueSet-StopTeam.json	1085	2	0	0	0	0	0	0	0	3	0	0	0	0	0	0	0	0	0	0	11	33	0	0	0	1	0	0
fsh-generated/resources/ValueSet-StraalebehandlingMaal.json	926	2	0	0	1	0	0	0	0	2	0	0	0	0	0	0	0	0	0	0	12	32	0	0	0	0	0	0
fsh-generated/resources/ValueSet-StraalebehandlingTAAll.json	919	1	0	0	0	0	0	0	0	3	0	0	0	0	0	0	0	0	0	0	10	45	0	0	1	0	0	1
fsh-generated/resources/ValueSet-StraaleterapiLYFO.json	1462	2	0	0	0	0	0	0	0	6	0	0	0	0	0	0	0	0	0	0	14	54	0	0	0	0	0	0
fsh-generated/resources/ValueSet-StraffelovsparagrafRETSPSYK.json	796	2	0	0	0	0	0	0	0	5	0	0	0	0	0	0	0	0	0	0	10	29	0	0	0	0	0	0
fsh-generated/resources/ValueSet-SubscapularisDSR.json	1115	1	0	0	0	0	0	0	0	5	0	0	0	0	0	0	0	0	0	0	12	37	0	0	0	0	0	0
fsh-generated/resources/ValueSet-SupplerendeIndgrebDSR.json	1035	2	0	0	0	0	0	0	1	3	0	0	0	0	0	0	0	0	0	0	12	31	0	0	0	1	0	0
fsh-generated/resources/ValueSet-SuspensionDUGA.json	757	2	0	0	0	0	0	0	0	3	0	0	0	0	0	0	0	0	0	0	10	30	0	0	0	0	0	0
fsh-generated/resources/ValueSet-SuturHurtigResorberbarMonoDHDB.json	1038	1	0	0	0	0	0	0	0	2	0	0	0	0	0	0	0	0	0	0	12	32	0	1	0	0	0	0
fsh-generated/resources/ValueSet-SuturHurtigResorberbarMultiDHDB.json	940	2	0	0	0	0	0	0	0	3	0	0	0	0	0	0	0	0	0	0	11	29	0	0	0	0	0	0
fsh-generated/resources/ValueSet-SuturLangsomResorberbarMonoDHDB.json	1108	2	0	0	1	0	0	0	0	3	0	0	0	0	0	0	0	0	0	0	12	29	0	0	0	0	0	0
fsh-generated/resources/ValueSet-SuturMaterialeVentralhernieDHDB.json	1027	1	0	0	0	0	0	0	0	3	0	0	0	0	0	0	0	0	0	0	11	31	0	0	0	0	0	0
fsh-generated/resources/ValueSet-SuturMonofilamentTypeVentralhernieDHDB.json	1183	2	0	0	0	0	0	0	0	3	0	0	0	0	0	0	0	0	0	0	12	44	0	0	0	0	0	0
fsh-generated/resources/ValueSet-SuturNonResorberbarMonoDHDB.json	1007	2	0	0	0	0	0	0	0	3	0	0	0	0	0	0	0	0	0	0	13	29	0	0	0	1	0	0
fsh-generated/resources/ValueSet-SuturNonResorberbarMultiDHDB.json	1021	1	0	0	0	0	0	0	0	3	0	0	0	0	0	0	0	0	0	0	12	28	0	0	0	0	0	0
fsh-generated/resources/ValueSet-SuturTypeDHDB.json	953	2	0	0	0	0	0	0	0	2	0	0	0	0	0	0	0	0	0	0	12	31	0	0	0	0	0	0
fsh-generated/resources/ValueSet-SuturTypeVentralhernieDHDB.json	761	1	0	0	0	0	0	0	0	3	0	0	0	0	0	0	0	0	0	0	15	30	0	0	0	0	0	0
fsh-generated/resources/ValueSet-SygdomMedicinskBehandletDHDB.json	1140	2	0	0	0	0	0	0	0	3	0	0	0	0	0	0	0	0	0	0	12	46	0	0	0	0	0	0
fsh-generated/resources/ValueSet-Sygdomsfase.json	759	2	0	0	0	0	0	0	0	2	0	0	0	0	0	0	0	0	0	0	11	29	0	0	0	0	0	0
fsh-generated/resources/ValueSet-SygdomsomraaderAlle.json	2797	1	0	0	0	0	0	0	0	3	0	0	0	0	0	0	0	0	0	0	19	73	0	0	0	1	0	0
fsh-generated/resources/ValueSet-SygdomsomraaderDOF.json	873	2	0	0	0	0	0	0	0	3	0	0	0	0	0	0	0	0	0	0	10	39	0	0	0	0	0	0
fsh-generated/resources/ValueSet-SygdomsomraaderHaema.json	952	2	0	0	1	0	0	0	0	3	0	0	0	0	0	0	0	0	0	0	12	45	0	0	0	0	0	0
fsh-generated/resources/ValueSet-SymptomerMikrovaskulaer.json	1054	1	0	0	0	0	0	0	0	2	0	0	0	0	0	0	0	0	0	0	11	40	0	0	0	0	0	0
fsh-generated/resources/ValueSet-TKategoriDCCG.json	1216	2	0	0	0	0	0	0	0	3	0	0	0	0	0	0	0	0	0	0	12	47	0	0	0	0	0	0
fsh-generated/resources/ValueSet-TackernavnAbsorberbarDHDB.json	1151	1	0	0	0	0	0	0	1	3	0	0	0	0	0	0	0	0	0	0	13	31	0	0	0	0	0	0
fsh-generated/resources/ValueSet-TackernavnNonAbsorberbarDHDB.json	970	2	0	0	0	0	0	0	0	3	0	0	0	0	0	0	0	0	0	0	12	29	0	0	0	1	0	0
fsh-generated/resources/ValueSet-TackertypeDHDB.json	753	2	0	0	0	0	0	0	0	2	0	0	0	0	0	0	0	0	0	0	10	26	0	0	0	0	0	0
fsh-generated/resources/ValueSet-TidligereIndgrebDSR.json	1308	1	0	0	0	0	0	0	0	4	0	0	0	0	0	0	0	0	0	0	13	31	0	0	0	0	0	0
fsh-generated/resources/ValueSet-TidligereOperationDKR.json	1544	2	0	0	0	0	0	0	0	3	0	0	0	0	0	0	0	0	0	0	14	33	0	0	0	0	0	0
fsh-generated/resources/ValueSet-TidligereOperationHofte.json	1485	1	0	0	0	0	0	0	0	2	0	0	0	0	0	0	0	0	0	0	14	32	0	0	0	0	0	0
fsh-generated/resources/ValueSet-Transplantation.json	986	2	0	0	1	0	0	0	0	3	0	0	0	0	0	0	0	0	0	0	12	29	0	0	0	0	0	0
fsh-generated/resources/ValueSet-Transplantation1.json	813	2	0	0	0	0	0	0	0	3	0	0	0	0	0	0	0	0	0	0	11	27	0	0	0	1	0	0
fsh-generated/resources/ValueSet-TransplantationCageAugmentDHR.json	904	1	0	0	0	0	0	0	0	2	0	0	0	0	0	0	0	0	0	0	11	28	0	0	0	0	0	0
fsh-generated/resources/ValueSet-TransplantationTypeDHR.json	998	2	0	0	0	0	0	0	0	3	0	0	0	0	0	0	0	0	0	0	11	29	0	0	0	0	0	0
fsh-generated/resources/ValueSet-TransplantationcenterALG.json	2375	1	0	0	0	0	0	0	0	3	0	0	0	0	0	0	0	0	0	0	17	38	0	0	0	0	0	0
fsh-generated/resources/ValueSet-TransplantationstypeCML.json	883	2	0	0	0	0	0	0	0	3	0	0	0	0	0	0	0	0	0	0	11	27	0	0	0	0	0	0
fsh-generated/resources/ValueSet-TreatmentCrossSection.json	1218	2	0	0	0	0	0	0	0	3	0	0	0	0	0	0	0	0	0	0	12	31	0	0	0	0	0	0
fsh-generated/resources/ValueSet-TreatmentIndicationCLL.json	938	2	0	0	0	0	0	0	0	2	0	0	0	0	0	0	0	0	0	0	12	28	0	0	0	1	0	0
fsh-generated/resources/ValueSet-TreatmentMethodMRD.json	854	1	0	0	0	0	0	0	0	3	0	0	0	0	0	0	0	0	0	0	11	29	0	0	0	0	0	0
fsh-generated/resources/ValueSet-TreatmentPreservation.json	1299	2	0	0	0	0	0	0	0	3	0	0	0	0	0	0	0	0	0	0	13	33	0	0	0	0	0	0
fsh-generated/resources/ValueSet-TreatmentRegimen.json	3362	2	0	0	0	0	0	0	0	3	0	0	0	0	0	0	0	0	0	0	20	58	0	0	0	0	0	0
fsh-generated/resources/ValueSet-TreatmentResponseALD.json	1551	1	0	0	1	0	0	0	1	3	0	0	0	0	0	0	0	0	0	0	15	34	0	1	0	0	0	0
fsh-generated/resources/ValueSet-TreatmentResponseDAMYDA.json	1910	2	0	0	0	0	0	0	0	33	0	0	0	0	0	0	0	0	0	0	15	35	0	0	0	1	0	0
fsh-generated/resources/ValueSet-TreatmentResponseEvaluationCLL.json	1800	2	0	0	0	0	0	0	0	5	0	0	0	0	0	0	0	0	0	0	16	32	0	0	0	0	0	0
fsh-generated/resources/ValueSet-TreatmentResponseEvaluationLYFO.json	1183	1	0	0	0	0	0	0	0	3	0	0	0	0	0	0	0	0	0	0	13	30	0	0	0	0	0	0
fsh-generated/resources/ValueSet-TreatmentScheduledALD.json	846	2	0	0	0	0	0	0	0	3	0	0	0	0	0	0	0	0	0	0	11	28	0	0	0	0	0	0
fsh-generated/resources/ValueSet-TreatmentScheduledDAMYDA.json	2884	1	0	0	0	0	0	0	0	3	0	0	0	0	0	0	0	0	0	0	18	50	0	0	0	1	0	0
fsh-generated/resources/ValueSet-TreatmentTypeOncology.json	867	2	0	0	0	0	0	0	0	3	0	0	0	0	0	0	0	0	0	0	11	27	0	0	0	0	0	0
fsh-generated/resources/ValueSet-TrombektomiPerfusion.json	1095	2	0	0	1	0	0	0	0	2	0	0	0	0	0	0	0	0	0	0	12	28	0	0	0	0	0	0
fsh-generated/resources/ValueSet-Trombolysepraeparater.json	734	1	0	0	0	0	0	0	0	3	0	0	0	0	0	0	0	0	0	0	11	27	0	0	0	0	0	0
fsh-generated/resources/ValueSet-TrombolyseprofylakseDHR.json	1726	2	0	0	0	0	0	0	0	3	0	0	0	0	0	0	0	0	0	0	14	38	0	0	0	0	0	0
fsh-generated/resources/ValueSet-TumorLokalisationDCCG.json	1285	1	0	0	0	0	0	0	0	3	0	0	0	0	0	0	0	0	0	0	12	35	0	0	0	0	0	0
fsh-generated/resources/ValueSet-TumorklassifikationBehandlingDEGC.json	989	2	0	0	0	0	0	0	0	3	0	0	0	0	0	0	0	0	0	0	12	30	0	0	0	1	0	0
fsh-generated/resources/ValueSet-TumorklassifikationDEGC.json	850	2	0	0	0	0	0	0	0	2	0	0	0	0	0	0	0	0	0	0	11	28	0	0	0	0	0	0
fsh-generated/resources/ValueSet-TumorklassifikationDiagnoseDEGC.json	885	1	0	0	1	0	0	0	0	3	0	0	0	0	0	0	0	0	0	0	11	27	0	0	0	0	0	0
fsh-generated/resources/ValueSet-TypeLokalresektionDCCG.json	1644	2	0	0	0	0	0	0	0	3	0	0	0	0	0	0	0	0	0	0	14	25	0	0	0	0	0	0
fsh-generated/resources/ValueSet-TypeLokalresektionKolonDCCG.json	1271	2	0	0	0	0	0	0	0	3	0	0	0	0	0	0	0	0	0	0	13	32	0	0	0	0	0	0
fsh-generated/resources/ValueSet-TypeLokalresektionRektumDCCG.json	1019	1	0	0	0	0	0	0	1	3	0	0	0	0	0	0	0	0	0	0	11	27	0	0	0	0	0	0
fsh-generated/resources/ValueSet-UMComponentTypeDAMYDA.json	691	2	0	0	0	0	0	0	0	3	0	0	0	0	0	0	0	0	0	0	10	26	0	0	0	1	0	0
fsh-generated/resources/ValueSet-UdfoerendeLAB.json	756	1	0	0	1	0	0	0	0	2	0	0	0	0	0	0	0	0	0	0	10	25	0	0	0	0	0	0
fsh-generated/resources/ValueSet-UdredningDANDEM.json	1368	2	0	0	0	0	0	0	0	3	0	0	0	0	0	0	0	0	0	0	13	31	0	0	0	0	0	0
fsh-generated/resources/ValueSet-UdredningKliniskGenetisk.json	762	2	0	0	0	0	0	0	0	3	0	0	0	0	0	0	0	0	0	0	14	25	0	0	0	0	0	0
fsh-generated/resources/ValueSet-UdskrevetTil.json	1057	1	0	0	0	0	0	0	0	3	0	0	0	0	0	0	0	0	0	0	12	30	0	0	0	0	0	0
fsh-generated/resources/ValueSet-UndersoegelsesTypeDUGA.json	747	2	0	0	0	0	0	0	0	2	0	0	0	0	0	0	0	0	0	0	11	41	0	0	0	0	0	0
fsh-generated/resources/ValueSet-UndersoendeLAB.json	974	1	0	0	0	0	0	0	0	3	0	0	0	0	0	0	0	0	0	0	12	27	0	0	0	0	0	0
fsh-generated/resources/ValueSet-Undervisning.json	877	2	0	0	1	0	0	0	0	3	0	0	0	0	0	0	0	0	0	0	11	27	0	0	0	1	0	0
fsh-generated/resources/ValueSet-Uoplyst.json	583	2	0	0	0	0	0	0	0	3	0	0	0	0	0	0	0	0	0	0	9	25	0	0	0	0	0	0
fsh-generated/resources/ValueSet-UrniLaekDUGA.json	1416	1	0	0	0	0	0	0	0	2	0	0	0	0	0	0	0	0	0	0	14	33	0	0	0	0	0	0
fsh-generated/resources/ValueSet-Uspecificeret.json	606	2	0	0	0	0	0	0	0	3	0	0	0	0	0	0	0	0	0	0	10	25	0	0	0	0	0	0
fsh-generated/resources/ValueSet-VancouverKlassifikationDHR.json	1569	2	0	0	0	0	1	0	0	3	0	0	0	0	0	0	0	0	0	0	13	32	0	0	0	0	0	0
fsh-generated/resources/ValueSet-VancouverKlassifikationPeroperativDHR.json	1119	1	0	0	1	0	0	0	0	3	0	0	0	0	0	0	0	0	0	0	13	28	0	0	0	0	0	0
fsh-generated/resources/ValueSet-VarigRespons.json	949	2	0	0	0	0	0	0	0	2	0	0	0	0	0	0	0	1	0	0	33	28	0	0	0	0	0	0
fsh-generated/resources/ValueSet-VarighedDKR.json	1037	1	0	0	0	0	0	0	0	3	0	0	0	0	0	0	0	0	0	0	11	33	0	0	0	1	0	0
fsh-generated/resources/ValueSet-VarighedPostOPTrombDKR.json	1873	2	0	0	0	0	0	0	0	3	0	0	0	0	0	0	0	0	0	0	16	35	0	0	0	0	0	0
fsh-generated/resources/ValueSet-VarighedPostOPTrombDKRNOAK.json	1663	2	0	0	0	0	0	0	0	3	0	0	0	0	0	0	0	0	0	0	14	32	0	1	0	0	0	0
fsh-generated/resources/ValueSet-VarighedPostOPTrombDKRVitKanta.json	1515	1	0	0	1	0	0	0	0	3	0	0	0	0	0	0	0	0	0	0	14	31	0	0	0	0	0	0
fsh-generated/resources/ValueSet-VasospasmerPaavisning.json	839	2	0	0	0	0	0	0	0	3	0	0	0	0	0	0	0	0	0	0	11	28	0	0	0	0	0	0
fsh-generated/resources/ValueSet-VasospasmerTiltag.json	1239	2	0	0	0	0	0	0	1	3	0	0	0	0	0	0	0	0	0	0	12	30	0	0	0	1	0	0
fsh-generated/resources/ValueSet-VentralHernieCicatriceTypeDHDB.json	1002	1	0	0	0	0	0	0	0	3	0	0	0	0	0	0	0	0	0	0	12	27	0	0	0	0	0	0
fsh-generated/resources/ValueSet-VentralHernieTypeDHDB.json	1451	2	0	0	0	0	0	0	0	3	0	0	0	0	0	0	0	0	0	0	14	33	0	0	0	0	0	0
fsh-generated/resources/ValueSet-WFNSGradering.json	1094	1	0	0	0	0	0	0	0	2	0	0	0	0	0	0	0	0	0	0	12	31	0	0	0	0	0	0
fsh-generated/resources/ValueSet-WHOPerformanceStatus04.json	1057	2	0	0	1	0	0	0	0	3	0	0	0	0	0	0	0	0	0	0	12	29	0	0	0	0	0	0
fsh-generated/resources/ValueSet-WOOSArmloeftDSR.json	607	2	0	0	0	0	0	0	0	3	0	0	0	0	0	0	0	0	0	0	10	25	0	0	0	0	0	0
fsh-generated/resources/ValueSet-WOOSHaenderDSR.json	798	1	0	0	0	0	0	0	0	3	0	0	0	0	0	0	0	0	0	0	11	27	0	0	0	0	0	0
fsh-generated/resources/ValueSet-WOOSTraeningDSR.json	1142	2	0	0	0	0	0	0	0	2	0	0	0	0	0	0	0	0	0	0	12	30	0	0	0	1	0	0
fsh-generated/resources/ValueSet-WalchKlassifikationDSR.json	1118	2	0	0	0	0	0	0	0	3	0	0	0	0	0	0	0	0	0	0	12	37	0	0	0	0	0	0
